# Created by Octave 3.8.0, Fri May 02 01:20:09 2014 ART <jugutier@Jugumac.local>
# name: trainedNetwork
# type: cell
# rows: 4
# columns: 1
# name: <cell-element>
# type: matrix
# rows: 0
# columns: 0


# name: <cell-element>
# type: matrix
# rows: 4
# columns: 3
 -0.02037049583234312 5.779550279112366 -3.579314313637016
 2.459366509444452 5.058590117347853 -0.01199127391074358
 0.1501247761127705 5.600226856175974 3.130557317076469
 -2.092809844473129 4.661292147046189 -0.1643491877537556


# name: <cell-element>
# type: matrix
# rows: 3
# columns: 5
 -0.4319501727913356 0.7675424200572212 10.44907967229516 1.415924719915244 11.44490855802045
 -1.281657216851428 3.423334663405771 4.222526888210492 -3.565249797913709 3.029896068301976
 -0.1020844635786833 -4.856701316068381 5.358123949485199 -3.940742481633499 5.527588673629774


# name: <cell-element>
# type: matrix
# rows: 1
# columns: 4
 -0.1505489426407934 1.792778217340896 -0.5660275455137974 -1.84299434725383





# name: hiddenUnitsPerLvl
# type: matrix
# rows: 1
# columns: 2
 4 3


