# Created by Octave 3.8.0, Fri May 23 18:48:33 2014 ART <alexism@MacBook-Pro-de-Alexis.local>
# name: network
# type: cell
# rows: 4
# columns: 1
# name: <cell-element>
# type: matrix
# rows: 0
# columns: 0


# name: <cell-element>
# type: matrix
# rows: 4
# columns: 3
 -0.2776403857778187 -0.3777540641679607 -0.3810778334006521
 -0.1428362847585844 0.3631152171728771 -0.3159712192046607
 0.1972773800484261 -0.4398082047729857 -0.2866614008334348
 0.08928824855767659 0.1733438270440504 0.3386313442971508


# name: <cell-element>
# type: matrix
# rows: 3
# columns: 5
 0.2011020457645302 -0.2679682751194964 -0.286016254054665 0.3382180673366858 0.2202894953247989
 -0.1816750385995857 -0.1648298734336467 0.338464642768486 0.4288917504895933 0.352353847641406
 -0.3512977941785735 0.1967473783754162 0.1233449795180904 0.282903958368674 0.3574308410216623


# name: <cell-element>
# type: matrix
# rows: 1
# columns: 4
 0.1097707049042874 -0.342788936225568 0.2789141786113671 -0.03250339688107545





# name: hiddenUnitsPerLvl
# type: matrix
# rows: 1
# columns: 2
 4 3


