# Created by Octave 3.8.0, Fri May 23 18:40:11 2014 ART <alexism@MacBook-Pro-de-Alexis.local>
# name: network
# type: cell
# rows: 4
# columns: 1
# name: <cell-element>
# type: matrix
# rows: 0
# columns: 0


# name: <cell-element>
# type: matrix
# rows: 4
# columns: 3
 0.1961034893374163 0.3338815877699933 0.3854738390865098
 -0.1497144900033263 0.2163837353213215 -0.2826463803085968
 -0.08941566545824614 -0.2434547207934364 0.2824045924503712
 -0.3669730673073094 0.1826316592503541 -0.07660118652677766


# name: <cell-element>
# type: matrix
# rows: 3
# columns: 5
 -0.1006298074025662 -0.320415941368037 -0.3269670481728238 0.2633829516300035 -0.3857341949363224
 0.3852543089898777 0.1860644923917321 -0.2435064552279019 -0.2769589918378398 0.04585238598011399
 0.3052947315814447 -0.2461637417776879 -0.231728461832471 0.1659138910553667 -0.1022151655712538


# name: <cell-element>
# type: matrix
# rows: 1
# columns: 4
 0.4114522146715233 -0.1006229873623307 0.02554067244310443 0.08266683145744669





# name: hiddenUnitsPerLvl
# type: matrix
# rows: 1
# columns: 2
 4 3


