# Created by Octave 3.8.0, Fri May 23 18:40:13 2014 ART <alexism@MacBook-Pro-de-Alexis.local>
# name: network
# type: cell
# rows: 4
# columns: 1
# name: <cell-element>
# type: matrix
# rows: 0
# columns: 0


# name: <cell-element>
# type: matrix
# rows: 4
# columns: 3
 -0.313946752782336 -0.2445831288383685 0.27639772067617
 -0.05158581781315424 -0.4918004262529702 -0.4232015260569812
 -0.4996274211699487 -0.3556970008578962 0.1030107719148543
 0.08028277136026574 -0.3284744344376773 -0.1627895813931534


# name: <cell-element>
# type: matrix
# rows: 3
# columns: 5
 0.4450215127334027 0.4745104457568735 -0.314476705631854 0.3367184117316677 -0.3133388283680984
 0.1443046809060954 -0.4662110929656268 0.4379808594773676 -0.2640437892672913 0.2981734818475128
 0.04723287476607541 -0.2996446906214529 0.4260824844105591 -0.3748384340809466 0.1966078859130078


# name: <cell-element>
# type: matrix
# rows: 1
# columns: 4
 0.04724264850458992 0.07928028635828011 0.2371560080284308 -0.2506052199186439





# name: hiddenUnitsPerLvl
# type: matrix
# rows: 1
# columns: 2
 4 3


