# Created by Octave 3.8.0, Mon May 26 11:46:41 2014 ART <alexism@MacBook-Pro-de-Alexis.local>
# name: evolvedNetwork
# type: cell
# rows: 4
# columns: 1
# name: <cell-element>
# type: matrix
# rows: 0
# columns: 0


# name: <cell-element>
# type: matrix
# rows: 4
# columns: 3
 0.04378993549059387 -5.868047678678261 -0.0155775294749448
 -0.3072817937996877 1.450385217061347 0.01944413224225528
 -0.2164673870479605 -1.476991409998267 0.07059376835482604
 -0.2678938326038737 -1.466581332048888 0.08981854624477782


# name: <cell-element>
# type: matrix
# rows: 3
# columns: 5
 -0.05749514269950207 -4.851866826716942 1.00803965379423 -0.8283964707057067 -1.05820100001885
 -0.009273607121760076 1.106757034642217 1.373965173026415 -1.186884445150252 -0.9520838350386074
 0.1440311607898821 -0.2199948881578437 -0.9071057911107993 0.8944765645990675 0.9164338148683621


# name: <cell-element>
# type: matrix
# rows: 1
# columns: 4
 0.097208573139642 2.550490432612921 -2.188016540045124 2.024473690144025





