# Created by Octave 3.8.0, Fri May 02 01:20:09 2014 ART <jugutier@Jugumac.local>
# name: test_error
# type: matrix
# rows: 1
# columns: 172
 0.01202800359256063 0.0005765227546957003 8.554989847066648e-05 0.01202800359256063 0.001671620162499195 0.0008087278868556307 0.0002743405811695604 0.001768971445002821 3.771636686969051e-07 0.004837595633210266 0.0005925293698015013 0.02485095214380692 0.001999121951253797 0.007391395457065418 0.002677084059403459 0.0009429083908785264 0.00110053132982753 0.005994542132808229 0.005165456935629408 0.000927898975908359 0.001029551941846259 0.005299255067601367 2.714633961509172e-05 0.02754273353217228 0.004569839235986676 0.003775166762501973 0.007312544239752487 0.0001998505393948924 0.002246629673060574 0.0003450010381007654 0.001597373433403079 0.002727022366443287 0.01202800359256063 0.00248189934443255 0.0009035026413504147 0.0001165131194129444 0.005057874391987723 5.569961972295027e-05 0.001240495246829077 0.01202800359256063 0.0006018044595162724 0.002178116527917024 0.0007378046060259244 0.0002131460802910829 0.001771804895572392 0.0006957641940009316 0.003817483883662266 0.001479237944317316 0.0001699403166093515 0.003285168919726643 0.001411453457854949 3.713980088923529e-06 0.000782206067354858 4.694310019119245e-08 0.003411377073008962 0.005549638259087792 0.004160146444174267 0.002077192516269583 0.0005908307971011886 0.01202800359256063 4.296672046843493e-06 0.0001740318353636311 0.0003643714331182006 0.0003772716918991327 0.004641024498047651 0.003928101487074624 0.01202800359256063 0.001734681365389146 5.350295743921202e-07 0.002647855021439973 0.002174939001121137 0.003796301656831626 0.002127863048136028 0.01448249293865839 9.940910025798079e-05 0.004228304331779866 0.005663131324808178 0.008965523391493901 0.0001674837677028251 0.005903257903866229 2.375145427110839e-06 0.003126351373649484 0.01202800359256063 1.549554796913253e-05 0.0001117506800828149 0.002697485386696628 0.00324990153402919 2.232244455538803e-05 0.005365543106419313 0.001120629179909117 0.01202800359256063 0.006017321010020997 0.01928592275640431 0.03067485580660223 0.0005044715067213964 0.01202800359256063 0.01202800359256063 0.002080361764831492 2.37844813607452e-05 0.0008340758511520188 9.279943015137118e-05 0.0002750391544548389 1.658496077032129e-05 0.002128059996225952 0.04031044258227709 0.004871848502234107 0.004618645893841004 1.814217083910123e-05 2.355204321849247e-05 2.166286393300216e-05 6.169975694523154e-06 0.0001421881570686857 0.01202800359256063 0.001387760464256316 0.01202800359256063 0.01202800359256063 0.003393122994967546 0.06492534109653778 0.001909334494505102 5.908468692080727e-05 4.168833032265719e-05 0.0003479555944466206 0.002329883238434427 0.000627416414832941 0.0001429427565400059 0.0005881904672894064 0.000142553151103403 0.01175389385949407 0.0002385701504053771 7.987970361985674e-06 0.0002236339822511117 0.002154127320258057 0.01202800359256063 0.001111794658268942 0.0009329419994261192 0.0005219649216688026 0.003223901371042808 5.450748195407215e-05 0.05971407268569336 8.229941229797376e-05 0.0003937710400770204 0.002189672182015629 0.006924944943621879 0.0003533785593396966 0.0006915060988744949 0.001658038319153949 0.0002199446355691773 7.463060596673268e-09 0.01202800359256063 0.001585624615167547 0.01202800359256063 7.119127012042606e-05 0.001995333477889072 7.714963241359894e-05 0.02390148880073975 0.0006693509748910976 0.01202800359256063 0.002467238861415769 9.333089057846854e-05 0.0002639732777961326 0.001052289227738353 0.003526902452240783 0.0004929297383563199 0.0006791528051741959 0.002416885017410779 0.01715948036808903 0.05648024939327663 0.003886223293840575 0.002603524006376608 0.01202800359256063 0.0008699326341921449 0.002368231730833521


