# Created by Octave 3.8.0, Fri May 02 19:33:00 2014 ART <jugutier@Jugumac.local>
# name: test_error
# type: matrix
# rows: 1
# columns: 400
 0.001011884559799298 0.00220072960467483 0.0004012179516204378 0.0002600490767599436 0.002747398036372716 0.003494122964160045 0.0005586697686758119 0.0001522969672832418 0.002582879070561572 0.0009427999762679329 0.0962120898075676 4.640546905268519e-05 3.557231268480115e-05 0.00705317782972346 1.205177288628978e-05 0.0008762628530237032 0.009546496264168102 0.0005130876019555513 0.001232555199157808 0.001831109532991818 0.001947577488313047 3.363575595834498e-07 0.0006766441463989238 0.003469898637374989 9.535805030734057e-06 0.0008406071007904933 0.0003300724100809259 0.0003054387298994835 0.007899794500976873 0.0001723820170830783 0.0009451853803324824 0.001160476965581246 0.00534588850974887 0.001548711407752231 0.001159097508879855 0.006079026604002591 0.0005449983080070682 0.003005583247974276 0.01132068053043764 0.0002785943990753643 0.0002948938345789878 0.003882576602440395 0.001151378472874649 0.001333789158190444 0.009157808884586156 4.759631836350095e-05 0.001689438722177086 0.0005303712875472452 0.02664130202438 0.0003860929879318328 0.02663565243017126 0.001068486896351405 0.002631626524516949 0.0009030255146743605 0.060527399358909 0.001446829550315022 0.0004535257730667768 0.0002061733210355025 0.005246822051283607 0.009003242109078392 0.001215670675959246 0.0001013044945054117 9.518553243378177e-05 0.002649758412069509 0.08678125678744385 0.001398647645191805 0.008944405365075545 0.00186176060695 0.00492970701469379 4.777732790977164e-06 0.0005847995857462049 0.02839441266291982 0.01682407139558842 0.001315705607082437 0.01663303651673058 0.001165069646888135 0.001857934563706183 0.0001168213815161549 0.0142191515184137 0.0008702299693599648 0.004645597712180974 0.03182252687842443 0.01202800359256057 1.29311646408332e-07 0.0002932599752907939 7.532247947028206e-05 0.009987111915573733 0.001335350788799757 4.66254360328574e-06 3.310198680956496e-06 0.04899745517387139 0.000239843031511458 0.0007098053261050026 0.001170444475151873 0.000294169579310334 0.0008656655595866751 0.000286879467406777 3.736062903893423e-05 0.00156111591076548 0.001279629783079576 5.699439220955251e-09 0.0002716798461040501 0.001550651489619067 0.001352697755239886 0.001599748947275891 0.001118937628177369 0.0001295623444067568 0.0002430273729049288 0.0001092054648326105 0.001957597734278047 0.002071846572695199 0.0007877605844069137 0.006259265198581923 0.002235009913084408 0.0003986233818062966 0.0007715459911985261 0.001947282726437438 0.0003430637799749429 0.001087666930301739 0.0003164767276084613 0.0003691528734643414 0.0005157820724646179 0.004122732343363664 0.0005963377904946741 0.004168445093685225 0.0002399777979669994 0.004147159695227574 0.0002312243716761795 0.0010427808916022 2.581693510557848e-06 0.001062591309838583 0.001086239073793843 0.0006322072489216994 0.0002157451063530958 0.001535892607876499 0.00125454269710685 0.0002888702007723068 0.0004696838443571339 0.0001734678105562988 0.001194807336187182 6.588364134494427e-06 5.672293427309894e-05 0.0003261839613938882 0.005002352571993589 1.504350740433143e-05 0.004375594021422684 0.0006087646856621915 0.001838371893961129 2.331912624487365e-05 0.0007628026511952078 0.0001384766637008289 0.0010733378255146 0.000191601840304449 6.839184088616071e-05 3.390934296692385e-07 0.003391365959546016 0.004570766013488998 0.0007584793117081694 0.001901711015153638 0.005343731133580601 0.0004409489764525432 0.000379807137976539 0.001070583741159291 0.04488363977660322 0.0002680056571315504 0.0004338345719361271 0.0002897423826593043 0.002807984562006479 2.897461271338944e-07 0.009645835718319111 0.07811155546867539 0.0005934362499619294 1.214987098447039e-05 0.04815488081686538 0.001115793017284149 0.0007942480499858374 0.000148361264424827 7.668360924455567e-06 0.0005153700439539631 0.0073917754528494 4.482316504472921e-06 0.004474924077364076 0.01930373464788322 0.01489686493720242 0.000638072637058248 0.001029340216591924 0.0048580778327089 0.000885186272481131 0.00932246190542544 0.01222750244138451 1.230222215536752e-05 0.0006345937779473851 2.458039887673466e-07 0.00213799982386678 0.0004216874995305217 0.0002159799216891253 0.002894989936081325 0.0001191023796036089 0.001835660151341627 0.0003538139829037277 3.804550361040375e-07 0.0002271454311529826 0.0003963164464614496 0.002607006586519652 0.0002070351532294389 0.05266370634772048 0.001214625416106029 0.00417274405417579 3.820725912191223e-05 0.0001743288813048247 0.002521890444328212 0.0002277213157145525 0.00269481570611739 0.0001147420258381997 0.0002688365809766127 0.0005814416342780845 0.004804824818026538 0.0003785042095831752 0.005077366258900948 0.08087009336128936 0.0008688935106264144 2.244254533161178e-05 0.001774047240430802 0.005014455400614117 0.03888614609441892 0.002196434781192171 0.001899686901116252 0.002624438340332751 0.001909546469473759 0.001315318340523438 0.001471332723469184 0.001789331037810824 0.001018225468270534 0.001696042815005935 0.00140295369082185 0.001515416560349852 1.601483052981386e-05 0.001422647454837445 0.0005686121465935783 0.0001164769683409671 0.003182869823114033 0.0004236274582759509 0.01658502525611733 0.0002783639989825264 0.003839431206352228 0.002167774154712996 0.0001716623435885209 0.0009476275894879429 0.0009791000205332577 0.005365366559014976 0.002526553668130176 0.00144359718882722 0.007553003942841782 0.009279411328256201 0.06326850450108654 0.001227751551939248 0.003284768387629033 0.000395105296622019 0.03256219811892362 2.360062401520506e-05 2.407921681202188e-06 0.00196882490045017 0.0005447040653657981 0.0009366491960563503 0.0194755535098113 0.006575571099061481 0.0003036772940035725 0.0002617204719004461 0.0001789014015772119 0.004980299644550347 0.0005172445093458818 0.01798332616705721 0.002797531588019733 0.02187858227732135 0.008277774880243201 0.03151312645654619 0.001121844280852103 7.717981868776476e-05 5.018452614430588e-05 3.59950257208778e-05 1.401177139838745e-05 0.005119704110935725 0.01956100612239585 0.002105082692783883 0.1177143955526642 0.0001588229751318992 0.001229575901402353 0.1313395183517435 0.0001587741502899363 0.007533501952584232 0.0419478787609515 0.000259762170894672 3.822829399660468e-05 0.002129029074280064 0.001117293505698495 0.003785928974051751 0.003268674619274356 1.105803445409887e-05 0.002205253476283494 0.001075858642286788 0.0342732755398678 0.04073763635717655 6.072219853926275e-07 8.698559450777171e-06 5.597173575201103e-05 8.788955722735287e-06 0.004496440089311704 0.000525039078607204 0.002480756498206393 0.003117223652492629 0.000140089196017778 0.003812864570990214 0.0009987740597425085 0.0005149556283375758 0.0004950456436060953 0.001534425460366868 0.007581111035435823 0.0007868801027693227 0.04875514404885233 0.0003886403259774534 1.205757441715768e-06 0.0005037548456305757 0.0005393992107656927 0.0003632087636934727 0.001478002618342486 0.002411290215407469 0.0008204214055395413 0.0002556224344377491 9.905688482176563e-06 0.0001989920675409082 0.001902164910416517 3.436643454603958e-05 0.009466169931668074 1.576237566912436e-06 0.006853809127071776 0.00014393886567695 6.342368892390761e-08 1.143495938606552e-06 0.004607296467719512 7.554548774014818e-05 0.0006047820654262795 1.893932106079301e-05 0.00344305904867289 0.002774216402166637 0.0005796586110188807 0.000545192828512432 0.00221430011787143 3.182090836158369e-05 0.005245669148054456 1.14550214234712e-05 0.004031432657512451 0.0004966851279562643 8.894152570392504e-06 0.0001397553954501894 0.01801150186595843 0.004270577775073862 0.0002282389670294303 2.733924774749482e-05 0.003178297716285648 0.004830503013610108 0.0004910814817181901 0.0006982334160849168 0.001075194294634934 0.007129763919673029 4.725863447669078e-06 0.005030978333058515 0.002947911183370623 9.979081473617473e-05 0.0006955656201197983 0.009288766871769157 