# Created by Octave 3.8.0, Tue Apr 29 16:39:27 2014 ART <jugutier@Jugumac.local>
# name: trainedNetwork
# type: cell
# rows: 5
# columns: 1
# name: <cell-element>
# type: matrix
# rows: 0
# columns: 0


# name: <cell-element>
# type: matrix
# rows: 10
# columns: 3
 0.2049768909583452 -0.2239906484530279 0.5607214783562415
 0.1047514721269596 -0.8563717321859621 -0.4778927395392416
 -0.09061600638649817 0.7729278862784419 -0.4098807963348375
 0.3372478371563149 0.4771066493364921 0.07556160722660121
 0.2902313975963808 0.3776042855890621 0.1507597409562499
 0.1297682478898822 0.9243643871815831 0.1436232970709589
 0.3007844261532507 -0.3755789729755326 0.2758879386358083
 0.2541809652859308 -0.07994468298133035 0.01079108096024557
 0.02791765839787124 -0.4478227373495823 0.04795538331079072
 0.259502184406649 -0.09924331605083928 -0.2349558365872212


# name: <cell-element>
# type: matrix
# rows: 20
# columns: 11
 -0.02975543024741856 -0.3255596558822891 0.3608387833096216 0.4015643845147716 0.2637888040564251 -0.1163232662069064 -0.05366693010185705 -0.1877551729451462 -0.1893493234724222 -0.2840728888586158 -0.1423063080131737
 0.2727484906829941 0.01509125522437446 0.2835547400810379 -0.3475223339977044 0.3020476278554087 -0.06860880126709497 -0.3841684363215489 0.08260422037720581 0.1101197266710916 -0.2397705418113346 0.3197986775059887
 -0.09224272797874601 0.05294715806746104 0.009167773004096607 0.2022069196314283 -0.1147596802408585 0.5338901082325817 0.425056504321625 0.04706682282672286 -0.05550661787096675 0.01936657051217153 -0.03820740654717782
 -0.03739894124630381 0.4374985939273267 -0.6268074991623787 -0.1197580612820325 0.2092516658617163 -0.03747609247346717 0.5074530945730726 -0.3673634907583023 -0.4970744801577039 -0.1705081308119855 0.3183298827468105
 -0.2807645664315233 -0.6008142638791293 0.3654784751527816 0.1339530046511847 0.08644881952048697 -0.1368591423122329 0.1488478892835164 -0.3509188034239562 -0.2370241962230406 -0.3455976853650566 0.05843502144289222
 0.3312421335830254 -0.3395784091423829 0.2206444002527209 0.2541840651512908 0.2047310817094769 -0.388320375585663 -0.46029474614086 0.09774570076764234 0.1488472694982785 0.4725282108193139 0.384195100376915
 0.2535369137497249 -0.101523737630453 0.1651166102328676 -0.4541494400995343 -0.0224970379635493 0.2824322298710093 -0.4601587220104122 0.3795276056957605 -0.08115597133041412 0.5089935039587495 0.3667892879343368
 -0.33399005092569 -0.442484053630456 0.08663603995467724 0.6554437427796455 -0.1192335309292029 -0.1786786458250253 0.5240227001048889 0.08618917089882394 0.2037399488134213 -0.1870737938625927 -0.2498744574459952
 -0.04359521326573426 0.03749667881902797 0.4154022558592811 0.4204880672839809 0.4538017318243661 0.5128689850618505 -0.06606396146661815 -0.06594330868918151 0.2388231664572267 -0.1260525440301146 0.4559046892962756
 -0.3764414286789294 0.2838485897644524 -0.2826380697731522 0.1448095479042877 0.03246341052724049 0.3097412763906124 0.6245489375203749 0.04686561390955957 -0.2777601808929526 -0.4311247160539451 0.4286080438268361
 0.3446380665691471 -0.3183734745738746 0.4733974148843321 0.5750155898767157 -0.01420288146432454 -0.3325850265364393 0.4504285460969391 -0.2203451127897781 -0.02722901502722561 -0.07821451293480841 0.2636371368548483
 0.279046964498273 -0.2195170291303431 -0.1403868587700275 0.4318041435177897 -0.1957999384411167 -0.5193650779416902 0.4292369737417386 -0.2918804898396961 -0.1422581991623185 0.1151511218693628 0.2831481356344564
 0.4946454014944667 -0.3668769022323332 0.01945741831812185 -0.1525992508676636 0.4971307446249539 -0.06162484154185689 0.1166542513834223 -0.1422041710116839 -0.2701482490121646 0.3386975301437675 -0.01383313272844565
 0.2713500153379632 -0.3279385587456378 -0.5198931846619982 0.3011404860939725 -0.2514089327230053 0.4835490553521584 0.01104173291717738 -0.2815036340433957 0.26479929795692 -0.1379858979362759 -0.09446533250849955
 -0.280518918282656 -0.6663425945949601 0.07947539536650013 0.4309848654971449 -0.07745633698645182 0.10177643023951 0.3604601969498086 -0.5634067923170123 0.2611429000579047 0.1628315725448182 -0.009707184527114908
 -0.2038609712902595 -0.2466754937008126 0.9461869157311693 -0.5842209139675969 -0.6158047888017677 -0.06937577701584076 -0.7444649768769979 0.4651258738817903 -0.1729052510307319 0.3840103842857502 0.3205766497242639
 -0.2323892306287945 -0.126307354563445 0.3270503722932531 0.1828856867538076 0.01823627737425353 -0.2001706998156743 -0.3589789703754988 -0.3424399665082209 -0.1120471349463502 -0.1252955355048838 0.4758167272158179
 0.3358612223727789 -0.3607853423536623 0.2521977272020612 0.318476039126157 0.2101341641320926 0.1124913461829184 0.1752154204263165 -0.4536663919901313 0.3617565333882722 0.09085611859367432 -0.1483101535507291
 -0.01636695727249753 0.01523820515262151 -0.5426936694449058 0.6372531088903133 -0.1758096532549764 -0.1371605765408133 0.5803503722414676 0.09308183222559152 -0.1930253106775988 -0.2008406955581134 0.009120279216475574
 0.3702158502613803 -0.4716102065985188 -0.1294192065744206 0.6031236423416474 0.4956872999087704 0.1789547182414065 0.5912813182772407 -0.03466158856191509 0.1853886434908927 -0.5556475426619699 0.3841860030065027


