# Created by Octave 3.8.0, Tue Apr 29 16:03:43 2014 ART <jugutier@Jugumac.local>
# name: trainedNetwork
# type: cell
# rows: 3
# columns: 1
# name: <cell-element>
# type: matrix
# rows: 0
# columns: 0


# name: <cell-element>
# type: matrix
# rows: 20
# columns: 3
 0.08679345082310642 0.1987601139892186 -0.03028788753417711
 -0.02028243107664846 -0.1797857727931431 0.2260961222095561
 -0.05804276705421205 0.2293145437189623 -0.06485436699377538
 0.06481954177336784 0.1347263071327822 -0.09918836402692317
 -0.1142251469729783 -0.2467459833819811 0.1448006155189471
 0.1257783636988473 0.1544893658944513 0.1139552325784052
 -0.1271924114207305 0.1354794202048988 -0.157271114425246
 -0.1029512718109787 1.175437529051614 0.002758010587355518
 0.01398850313126804 1.83103027347351 -1.076598223365771
 0.0579941196653745 0.1589275607192226 -0.04530479143799115
 -0.1009963276567401 -0.9311016727763076 -0.01992225707158897
 0.03507462184600659 0.2924310443853008 0.4808069189965288
 0.02624778079603114 1.596896706121317 1.137212895605993
 0.0006430696914197057 5.414268922165094 0.06210904259475616
 -0.06252471171464867 -0.1836603826290403 0.05146229063157392
 -0.2060587725075139 -1.248852788209577 -0.05093073999293186
 -0.1716707242741337 1.214800406874945 -0.01179987651122174
 0.04446295608632907 -0.1584560103306123 0.2796695920565153
 0.04552405208164429 -1.218541807598289 -0.01625617528985787
 -0.03384637957271641 -0.1170537177029011 0.1281223878274097


# name: <cell-element>
# type: matrix
# rows: 1
# columns: 21
 -0.02790672874314335 0.1851514149875355 -0.2597498596063256 0.2150228662132591 0.153711262810366 -0.2308699961831241 0.1295732211884263 0.165220957374765 -1.166351638142907 1.234559051359193 0.1695134053460677 0.5944777169090361 0.3925031606262375 1.194972914303184 2.135519353935064 -0.1925400359803559 1.338934428536121 -1.294487553651039 -0.2381214549294314 1.369763240764979 -0.153627466275234





# name: hiddenUnitsPerLvl
# type: scalar
20


