# Created by Octave 3.8.0, Tue Apr 29 16:39:44 2014 ART <jperezcu@Javiers-MacBook-Pro.local>
# name: trainedNetwork
# type: cell
# rows: 5
# columns: 1
# name: <cell-element>
# type: matrix
# rows: 0
# columns: 0


# name: <cell-element>
# type: matrix
# rows: 10
# columns: 3
 0.1249663322264574 -0.1723694447166609 0.5111861993982877
 0.02651501780998263 -0.8405951408836897 -0.5089386884194425
 -0.05468930124656315 0.8639512225794594 -0.2272707007510892
 0.2633947901344676 0.4990268228748519 -0.04300739655442466
 0.3230555788584477 0.4044841559399303 0.07027874858805837
 0.1161783250044019 0.9804369338451714 0.1184018946563058
 0.2936357529044163 -0.423600177307332 0.1633903907435714
 0.2310430935754726 -0.05343634002765983 0.1971525314400038
 0.005179195220585195 -0.460626106491867 -0.01607466089175539
 0.2328235365865652 -0.1206430931495804 -0.5163509084235234


# name: <cell-element>
# type: matrix
# rows: 20
# columns: 11
 0.005353335116137004 -0.2797741878281162 0.2874255286103676 0.3449704917382914 0.2942616583316477 -0.09261108957284016 -0.04550194798654027 -0.1467331304767794 -0.1971198251792371 -0.2750095105188698 -0.1116049231286174
 0.2342622405127733 0.05523498844101168 0.2398242631113227 -0.3792069126811338 0.2910644312563423 -0.07628603560611194 -0.3777880954896479 0.1026841728471838 0.1098982151859228 -0.2250826607014804 0.3012050877743686
 -0.102577175266059 0.01902864167460276 0.005505411176714201 0.2188046960830239 -0.09420576097797834 0.5324904970535471 0.4326585740234227 0.02880682962535632 -0.0852334691540424 -0.001752690111583552 0.002924647103315871
 -0.01925580862089114 0.3370714755944805 -0.5255887237551233 0.004351378943670239 0.2515609376252343 -0.02230997007860666 0.5276288152189296 -0.4260187656627166 -0.5105590518270137 -0.2076483484099235 0.3708352486699921
 -0.2286954913698497 -0.5277351290651707 0.3469636850057707 0.01426450554475846 0.1057008626794222 -0.1168665883993616 0.117345150781027 -0.2705393583201413 -0.2417154625392741 -0.3222192248177099 0.08690165755559402
 0.2097484829067174 -0.3737508346071748 0.179998706094165 0.275331593167135 0.1967233528155406 -0.4141131477600858 -0.4412087578494328 0.05144497105627472 0.1048958019134466 0.4513391191893288 0.3735876176910775
 0.1697501759659646 -0.131609191855566 0.2097130720124822 -0.44019263530284 -0.05121941863089525 0.2520217698160543 -0.4760535056710721 0.3535968562701137 -0.09904569300838864 0.5113130912696117 0.3490795893492604
 -0.3121170321372285 -0.4112710323305659 0.03293672151321045 0.6227502709633334 -0.08617417794916128 -0.150808226962416 0.5603204906152781 0.1042325907383208 0.1936782214167865 -0.1957248991215447 -0.2230042252306983
 0.02964485753350544 0.1144687803403584 0.3042528045937737 0.3781895811300393 0.4783958634476584 0.5520158803580623 -0.003219291615786307 -0.01815877928931724 0.2674231909738702 -0.1251316539000977 0.4391480466016218
 -0.3597058401100057 0.2444016397277879 -0.1980908359601695 0.2131599455924768 0.06761034404024438 0.3247451271515325 0.6236944895644621 0.0239004817990371 -0.280915136338497 -0.447838679776823 0.4823134484906434
 0.2897299048272847 -0.3687071013243706 0.4334990526951225 0.6323764127005682 0.006706542542849011 -0.3280777626608415 0.4580108972541724 -0.253338073320756 -0.07590881402724294 -0.1004032648869699 0.2947377079206547
 0.3106386254357879 -0.1510637786184717 -0.1959622885653751 0.379692375131706 -0.1948957111813939 -0.5164827631876192 0.4412665131484384 -0.2536850198917021 -0.1293362970954864 0.1386469717027754 0.2892040790485109
 0.4572808406648595 -0.4781296279177003 0.1489414721380021 -0.08865992936098285 0.4805325281562426 -0.1065886049992342 0.037947398788419 -0.192124570096824 -0.3212323859235137 0.3226487295503579 0.06956649346605999
 0.2713007343582463 -0.3507315484258347 -0.4529761863542224 0.2944849991911582 -0.2449293662596764 0.4755333962955861 -0.02389215771742377 -0.2841800619642532 0.2587047448002847 -0.1351283203711877 -0.0550974884942475
 -0.227408212390046 -0.6451690170319605 0.07438156231702904 0.3481394254896134 -0.02045684647419697 0.1433365260955782 0.3862829923758987 -0.5252309634666764 0.2297478292124453 0.1557780087798905 0.0661216589509115
 -0.01068744371381975 -0.3384094975988762 1.180689657678599 -0.6445397118759199 -0.5292852519147218 -0.01943816318089848 -0.8260649022645236 0.5446111230660272 -0.1963202872194142 0.4023471628526633 0.5563219901506873
 -0.2600873615723202 -0.1366870701503814 0.3322398926692728 0.1058070551942448 0.01536853094434346 -0.2046812565785137 -0.4246465519955417 -0.3079126329006799 -0.155795405361376 -0.1132138118248738 0.5056140962095869
 0.3927957143657537 -0.3367857223962474 0.2385031680389341 0.3332724858800061 0.2482106180560953 0.1440837879683514 0.1972490235107411 -0.446814714090799 0.3765311761305971 0.07611502895817318 -0.1370686355811778
 0.008410305674015264 -0.003452923153765525 -0.4311517626249247 0.6016959916311015 -0.1943409888605043 -0.1713517809438552 0.5060045835803197 0.1062970840623451 -0.1950275909957892 -0.1783784483132296 0.07903643955224987
 0.3244063678342291 -0.5358899413632441 -0.01707752325136726 0.7143095812425323 0.5019545386918274 0.1539019486281697 0.5131619521023771 -0.06991542467421437 0.1555823634335345 -0.5532640449736187 0.4528731492868456


