# Created by Octave 3.8.0, Tue Apr 29 16:14:58 2014 ART <jperezcu@Javiers-MacBook-Pro.local>
# name: trainedNetwork
# type: cell
# rows: 5
# columns: 1
# name: <cell-element>
# type: matrix
# rows: 0
# columns: 0


# name: <cell-element>
# type: matrix
# rows: 10
# columns: 3
 0.2336932652895162 -0.190756053804405 0.5300387721219806
 0.07153839162316411 -0.785092883187965 -0.5337325687993892
 -0.05105949755123799 0.8604660143252735 -0.1341773099505355
 0.2475014039138393 0.5031289694832424 0.1352019066408804
 0.3211623829396617 0.4041231859134709 0.03995188424517267
 0.08510959685461854 0.9310324341683004 0.03619550405168397
 0.305334615395815 -0.4140343134825797 0.1856410050290578
 0.2324534631625306 -0.08112986079307583 0.2278855707047336
 0.03412561503163057 -0.4985374782439315 -0.08577388405824024
 0.2723485985205357 -0.1412475328342234 -0.4694863861618223


# name: <cell-element>
# type: matrix
# rows: 20
# columns: 11
 -0.01549849345594046 -0.2762151140185426 0.3059872383561504 0.3242006337840541 0.2738707169568018 -0.09315740753412381 -0.06764928433716159 -0.1637084918341792 -0.1996548512648542 -0.2774300845844546 -0.1585976639112706
 0.2266331141005955 0.04573119930775039 0.244990209545836 -0.3626030192847002 0.2912288752053115 -0.08436425260515359 -0.3544678205354537 0.1113497391182667 0.1033154740290225 -0.2164059418621203 0.3319676341956468
 -0.1112328777082501 -0.008581378944024498 0.05188089394816637 0.2128266243652666 -0.1162651207322639 0.530039843623532 0.4317460349464258 0.01113808823551562 -0.0883366719028411 -0.001576289644362475 -0.02168430336123839
 -0.02719933500395998 0.3198206699280134 -0.4538716982408567 0.02194611078814835 0.2495200057561157 -0.02571604214154057 0.5522050528850073 -0.437258745441074 -0.5172764801671157 -0.2101329649831746 0.3814126179734071
 -0.2581787065994376 -0.5465981272358312 0.3114119033090169 0.00138076872332224 0.08095170002382311 -0.1016898097008749 0.1231678199950465 -0.3175617852398322 -0.2620382805658277 -0.3370703691797862 0.03982369133262622
 0.2282776390231262 -0.3414209398124587 0.1795509632320539 0.2573632640172536 0.1813254591835722 -0.4146047280922011 -0.434794148585027 0.08438243183355473 0.1090510708824554 0.4801458918606477 0.3840273985984149
 0.2882140766870538 -0.1079844617940461 0.2161263441054305 -0.4465675852324436 -0.02772357148872352 0.2907177580714645 -0.4594807164668113 0.3926507966285118 -0.08427167130596447 0.5264872469890972 0.4154819258899314
 -0.2572990899094282 -0.4067391486572143 0.1016020715007047 0.6161733285939882 -0.08375387527346696 -0.1418240043747266 0.5610470232400435 0.1253114092814469 0.2110340744857465 -0.185145399581199 -0.222321473645964
 0.03397250271124553 0.1062777535704075 0.312702994033228 0.3895583832686214 0.4801120237180087 0.5434882012959825 -0.001252694198775937 -0.02368392827075195 0.2683183509200792 -0.1293873793480961 0.4497941306955685
 -0.3057368706863629 0.2511435391940652 -0.1577227852195287 0.254624880788595 0.1109048607593567 0.3547654675988712 0.6974491650162313 0.02722275800802024 -0.2684865156851709 -0.4642274690053815 0.4901263941050484
 0.3044193280369993 -0.3974668912799646 0.5031221235915302 0.6029844100975488 -0.04455217314512189 -0.3390626736506304 0.4452986010150597 -0.2457217488267241 -0.08767452301253684 -0.06917481435966441 0.3214127974471581
 0.3179349470695701 -0.1422133569193951 -0.1995439891519011 0.3964542935087443 -0.1739621457079698 -0.5044169024489641 0.452376925616495 -0.2535273480077855 -0.1210193111776011 0.1278645022008584 0.2685239025415074
 0.4211486771436695 -0.5282422106291195 0.1573599717772529 -0.126583672923472 0.4563533922928976 -0.0814641865914973 0.04955447668855401 -0.2171874614043894 -0.3332374126395551 0.3173460915989028 0.01604126059712409
 0.3121587824787923 -0.377550540108727 -0.3939314991235313 0.285577590151195 -0.2455269961052953 0.4892436875670559 -0.04188277324513427 -0.280690673980043 0.257026402740328 -0.1302363079386032 -0.03855623238008471
 -0.2233366046443256 -0.6720594848937149 0.123571706198419 0.3441976630974882 -0.05336146078927489 0.1521015106223992 0.3982686219636997 -0.5430930148383812 0.220610038880329 0.162479749671043 0.044667545417897
 -0.09914341086724957 -0.3516152404617122 1.262429804311464 -0.6370588487486775 -0.617986821373257 -0.02896349956587949 -0.764841871609391 0.4820183593295853 -0.2288554965754203 0.4194282444888658 0.4732707960137647
 -0.2161767782467144 -0.1129440350825943 0.2733052507590226 0.1174475326032744 0.00412017175870453 -0.176059765255611 -0.3483604635412673 -0.3040973120756405 -0.1515812691736646 -0.1077797243773802 0.5021289495427342
 0.3645542052974285 -0.3305768605556693 0.226604782413493 0.312027041884459 0.2362651182137162 0.130309743391748 0.1905667297450212 -0.4464479692782324 0.379495458367083 0.08036690163240431 -0.1661191669176451
 0.03716167608585755 -0.03776166359074166 -0.3524230703646143 0.6264889167965549 -0.1871973452564895 -0.1653829172467542 0.5302208448839206 0.09642168014998961 -0.1870292087659028 -0.1810754740279216 0.07249001202184144
 0.2777734879308629 -0.447191936443567 -0.08307330630995158 0.6971388475541923 0.5168049000019327 0.1686960332658791 0.5774278760603995 -0.0736497457330257 0.1751065306940473 -0.5699431664773998 0.3636433947798061


