# Created by Octave 3.8.0, Fri May 23 18:48:33 2014 ART <alexism@MacBook-Pro-de-Alexis.local>
# name: network
# type: cell
# rows: 4
# columns: 1
# name: <cell-element>
# type: matrix
# rows: 0
# columns: 0


# name: <cell-element>
# type: matrix
# rows: 4
# columns: 3
 0.2521619236082522 -0.4872262900466611 0.4643345132125429
 -0.4836677099115032 0.05314265069715363 -0.1258707301609305
 -0.1657811807464881 0.2722322470920419 0.06559631698633861
 -0.2567452558053656 0.4297095580040511 -0.06285059223024086


# name: <cell-element>
# type: matrix
# rows: 3
# columns: 5
 0.4561558486313587 -0.4242195687303439 0.3098692226942548 0.355327416109333 0.3304641352733626
 -0.3468076419128945 -0.3502127948669594 0.2039755167226679 -0.2203929514076311 -0.4872221959229228
 -0.1352285370703765 0.3375081772329807 0.1168113359249889 -0.414109069335625 -0.33244917608315


# name: <cell-element>
# type: matrix
# rows: 1
# columns: 4
 0.3526802025951729 -0.009003367039952581 -0.04743139195195695 0.4504844030134892





# name: hiddenUnitsPerLvl
# type: matrix
# rows: 1
# columns: 2
 4 3


