# Created by Octave 3.8.0, Fri May 23 18:40:11 2014 ART <alexism@MacBook-Pro-de-Alexis.local>
# name: network
# type: cell
# rows: 4
# columns: 1
# name: <cell-element>
# type: matrix
# rows: 0
# columns: 0


# name: <cell-element>
# type: matrix
# rows: 4
# columns: 3
 0.2186154357411112 -0.2473196035957916 -0.3404424825592967
 -0.3233487107928911 -0.3668896880202796 -0.2353401861036642
 -0.02241455518182306 -0.1817963234517463 -0.4631605152878475
 -0.4361604767781836 0.1811426766734096 0.3225769436966451


# name: <cell-element>
# type: matrix
# rows: 3
# columns: 5
 -0.341285146616863 0.2441929668651038 -0.4148102538322078 0.07089248445933405 -0.3859142703172811
 0.05046199515440419 -0.1548532215247301 -0.2158127873420448 0.0142005915515987 -0.1659041034815444
 -0.1429937952177097 -0.4631223391485007 -0.429072264621886 -0.35414840219466 0.2908198698196222


# name: <cell-element>
# type: matrix
# rows: 1
# columns: 4
 -0.3653093761533163 -0.4861092553522005 -0.1030107604190793 -0.2978950355408418





# name: hiddenUnitsPerLvl
# type: matrix
# rows: 1
# columns: 2
 4 3


