# Created by Octave 3.8.0, Mon May 26 11:40:46 2014 ART <alexism@MacBook-Pro-de-Alexis.local>
# name: evolvedNetwork
# type: cell
# rows: 4
# columns: 1
# name: <cell-element>
# type: matrix
# rows: 0
# columns: 0


# name: <cell-element>
# type: matrix
# rows: 4
# columns: 3
 0.08889380688557763 1.643551132376437 -0.1310608974605134
 -0.07555037857983971 -1.490390266706495 0.0727349076741375
 -0.02102487081759674 -4.640295950245123 -0.05168327904578422
 -0.2418118047616672 0.883797318674335 0.2160948915465973


# name: <cell-element>
# type: matrix
# rows: 3
# columns: 5
 -0.2841534440551685 2.742983396764493 -1.345038912259397 -4.688401577556366 0.1166804623559409
 0.2415445385461706 1.246825417946917 -0.7287075542828143 0.1514843867772193 0.5452800454035183
 0.2328260660826799 -1.000141260196036 1.527433713254965 -0.5859932440616841 -0.5398193964026184


# name: <cell-element>
# type: matrix
# rows: 1
# columns: 4
 0.05386003101736458 3.016468663976953 -2.137096379947392 2.790820212203946





