# Created by Octave 3.8.0, Fri May 02 00:46:12 2014 ART <jugutier@Jugumac.local>
# name: trainedNetwork
# type: cell
# rows: 4
# columns: 1
# name: <cell-element>
# type: matrix
# rows: 0
# columns: 0


# name: <cell-element>
# type: matrix
# rows: 4
# columns: 3
 -2.822907091513875 3.544822141559625 -0.0543195918036235
 -0.7723839479341209 3.607121210856528 0.08152593328824273
 3.85705596144044 4.211687984692399 -0.1610487470095209
 -0.3049394768508008 10.85942691498884 0.5611148562094701


# name: <cell-element>
# type: matrix
# rows: 3
# columns: 5
 -0.3145649695354736 2.454038314245694 1.183664405411821 1.549660416376512 -2.038248941004607
 0.3340759398728094 2.890206651577095 3.583113695518945 4.121479195150868 4.125326032599169
 0.3721249332479442 1.68202231361737 2.679381104230993 2.529295835173683 -1.201152692367862


# name: <cell-element>
# type: matrix
# rows: 1
# columns: 4
 -0.1029247279929448 -1.038377411670446 1.909403697544511 -1.153657089655253





# name: hiddenUnitsPerLvl
# type: matrix
# rows: 1
# columns: 2
 4 3


