# Created by Octave 3.8.0, Sat May 24 16:08:47 2014 ART <alexism@MacBook-Pro-de-Alexis.local>
# name: MAX_EPOC
# type: scalar
1000


# name: train_error
# type: matrix
# rows: 1
# columns: 1000
 0.116023902757148 0.1050615787734353 0.1016104145222052 0.09808199980512153 0.09400799171304282 0.08887617430392157 0.08192500634903312 0.07228562089139313 0.06009918215730709 0.04750245222838088 0.03693762454576806 0.02923106626014169 0.02394846959168927 0.02036876647968848 0.01791478355111005 0.01620041596480123 0.01497921208699453 0.0140939893464405 0.01344246801978447 0.01295626192337856 0.0125885218157936 0.01230658622723085 0.01208742197627938 0.01191465436397104 0.01177656011783586 0.01166468312863004 0.0115728719139842 0.01149660876494952 0.0114325416346951 0.01137815669723168 0.01133154826917148 0.01129125609961302 0.01125614939471848 0.01122534343090814 0.01119813905195094 0.01117397836522012 0.01115241200317722 0.01113307471318484 0.01111566699630552 0.01109994117712219 0.01108569074708227 0.0110727421468963 0.01106094838171179 0.01105018402502837 0.0110403412834201 0.01103132687777205 0.01102305955744317 0.01101546810818867 0.01100848974747048 0.01100206882522661 0.01099615576656075 0.01099070620678147 0.01098568027992083 0.01098104203012734 0.01097675892175341 0.01097280142898201 0.01096914268978677 0.01096575821212976 0.01096262562276324 0.01095972445094782 0.01095703594094323 0.01095454288835205 0.01095222949636673 0.01095008124874001 0.01094808479690956 0.01094622785919145 0.01094449913034141 0.01094288820008826 0.01094138547948663 0.01093998213413007 0.01093867002342041 0.0109374416452142 0.01093629008526754 0.01093520897098225 0.010934192429024 0.01093323504643693 0.01093233183492669 0.0109314781980214 0.01093066990085265 0.010929903042327 0.01092917402948179 0.01092847955384024 0.01092781656959859 0.01092718227349439 0.01092657408621848 0.01092598963524648 0.01092542673897639 0.01092488339206838 0.0109243577518931 0.01092384812600152 0.01092335296053761 0.01092287082952135 0.01092240042493546 0.01092194054755512 0.01092149009846415 0.01092104807120655 0.01092061354452541 0.01092018567564577 0.01091976369406078 0.01091934689578408 0.01091893463803422 0.01091852633431852 0.01091812144988802 0.01091771949753578 0.01091732003371318 0.01091692265494161 0.01091652699449722 0.01091613271934939 0.01091573952733385 0.01091534714454357 0.01091495532292171 0.01091456383804109 0.01091417248705729 0.01091378108682223 0.01091338947214643 0.01091299749419908 0.01091260501903576 0.0109122119262442 0.01091181810769956 0.01091142346642085 0.01091102791552104 0.01091063137724404 0.01091023378208136 0.01090983506796349 0.01090943517951942 0.01090903406739934 0.01090863168765628 0.01090822800118133 0.01090782297318884 0.01090741657274755 0.01090700877235431 0.01090659954754662 0.01090618887655139 0.01090577673996674 0.0109053631204744 0.01090494800258022 0.0109045313723804 0.01090411321735144 0.01090369352616198 0.01090327228850436 0.01090284949494487 0.01090242513679029 0.01090199920597007 0.01090157169493254 0.0109011425965536 0.01090071190405738 0.01090027961094738 0.01089984571094723 0.01089941019795027 0.01089897306597698 0.0108985343091397 0.01089809392161375 0.01089765189761431 0.01089720823137872 0.01089676291715321 0.01089631594918413 0.01089586732171252 0.01089541702897223 0.01089496506519098 0.01089451142459368 0.01089405610140819 0.01089359908987296 0.01089314038424622 0.01089267997881654 0.0108922178679147 0.01089175404592625 0.01089128850730505 0.01089082124658729 0.01089035225840571 0.01088988153750464 0.01088940907875463 0.01088893487716736 0.01088845892791053 0.01088798122632247 0.01088750176792648 0.0108870205484451 0.01088653756381366 0.01088605281019367 0.01088556628398548 0.01088507798184082 0.01088458790067412 0.01088409603767409 0.01088360239031383 0.01088310695636098 0.01088260973388675 0.01088211072127471 0.01088160991722858 0.01088110732077938 0.01088060293129217 0.01088009674847192 0.01087958877236862 0.01087907900338207 0.01087856744226562 0.01087805409012959 0.01087753894844386 0.01087702201904009 0.01087650330411301 0.01087598280622132 0.0108754605282882 0.01087493647360081 0.01087441064580975 0.01087388304892773 0.01087335368732777 0.01087282256574106 0.01087228968925424 0.0108717550633063 0.01087121869368505 0.01087068058652324 0.01087014074829439 0.01086959918580791 0.01086905590620437 0.01086851091695019 0.01086796422583204 0.01086741584095109 0.01086686577071678 0.01086631402384074 0.01086576060933007 0.01086520553648069 0.01086464881487047 0.0108640904543521 0.01086353046504585 0.01086296885733239 0.01086240564184509 0.01086184082946265 0.01086127443130134 0.01086070645870734 0.01086013692324892 0.01085956583670864 0.0108589932110755 0.01085841905853703 0.01085784339147138 0.01085726622243951 0.01085668756417729 0.01085610742958759 0.01085552583173255 0.01085494278382568 0.0108543582992243 0.01085377239142171 0.01085318507403966 0.01085259636082077 0.01085200626562118 0.01085141480240309 0.01085082198522749 0.01085022782824701 0.01084963234569887 0.01084903555189785 0.0108484374612295 0.01084783808814341 0.01084723744714652 0.0108466355527967 0.0108460324196964 0.01084542806248632 0.01084482249583949 0.01084421573445513 0.01084360779305293 0.01084299868636729 0.01084238842914186 0.01084177703612411 0.01084116452206004 0.01084055090168914 0.01083993618973927 0.01083932040092201 0.01083870354992793 0.01083808565142196 0.01083746672003912 0.01083684677038031 0.01083622581700799 0.01083560387444246 0.01083498095715797 0.01083435707957906 0.01083373225607693 0.01083310650096624 0.01083247982850171 0.01083185225287508 0.01083122378821215 0.01083059444856991 0.01082996424793375 0.01082933320021507 0.01082870131924875 0.01082806861879076 0.01082743511251609 0.01082680081401661 0.01082616573679913 0.01082552989428363 0.01082489329980151 0.01082425596659402 0.01082361790781076 0.01082297913650835 0.01082233966564919 0.01082169950810022 0.01082105867663203 0.01082041718391779 0.0108197750425325 0.01081913226495224 0.01081848886355344 0.01081784485061246 0.01081720023830506 0.01081655503870611 0.01081590926378918 0.01081526292542648 0.0108146160353887 0.01081396860534495 0.01081332064686287 0.01081267217140874 0.01081202319034764 0.01081137371494375 0.01081072375636078 0.01081007332566223 0.0108094224338119 0.01080877109167462 0.01080811931001657 0.01080746709950615 0.01080681447071462 0.01080616143411687 0.0108055080000923 0.01080485417892563 0.01080419998080795 0.01080354541583757 0.01080289049402114 0.0108022352252747 0.01080157961942476 0.01080092368620949 0.01080026743527999 0.0107996108762013 0.01079895401845399 0.01079829687143519 0.01079763944446007 0.0107969817467632 0.01079632378749989 0.01079566557574768 0.01079500712050783 0.01079434843070659 0.01079368951519708 0.01079303038276039 0.01079237104210755 0.01079171150188074 0.01079105177065508 0.01079039185694025 0.01078973176918196 0.01078907151576379 0.01078841110500863 0.01078775054518056 0.01078708984448634 0.01078642901107723 0.01078576805305066 0.01078510697845182 0.01078444579527555 0.01078378451146796 0.01078312313492821 0.01078246167351013 0.01078180013502406 0.01078113852723857 0.01078047685788218 0.01077981513464509 0.01077915336518094 0.01077849155710858 0.01077782971801365 0.01077716785545055 0.01077650597694397 0.0107758440899908 0.01077518220206162 0.01077452032060264 0.01077385845303732 0.01077319660676802 0.0107725347891778 0.01077187300763204 0.01077121126948014 0.0107705495820572 0.01076988795268568 0.01076922638867701 0.01076856489733336 0.01076790348594906 0.01076724216181236 0.01076658093220708 0.01076591980441403 0.01076525878571272 0.01076459788338289 0.01076393710470606 0.01076327645696697 0.0107626159474554 0.01076195558346718 0.01076129537230614 0.01076063532128534 0.01075997543772856 0.01075931572897174 0.01075865620236443 0.01075799686527113 0.01075733772507275 0.01075667878916781 0.01075602006497407 0.0107553615599295 0.01075470328149381 