# Created by Octave 3.8.0, Sat May 24 23:03:30 2014 ART <alexism@MacBook-Pro-de-Alexis.local>
# name: MAX_EPOC
# type: scalar
1000


# name: train_error
# type: matrix
# rows: 1
# columns: 1000
 0.1111745448720989 0.1041690299656638 0.1010485015002233 0.0974475333710202 0.09301999810134275 0.08738136556619565 0.07999531455452943 0.07056146879298408 0.05979893843838208 0.04933231851425526 0.04048847127553824 0.03360664565105619 0.02840344719548523 0.02448174999518398 0.02151889509257813 0.01927600101168703 0.01757142454528081 0.01626549015730196 0.01525433617528104 0.01446323976472128 0.01383869667904886 0.0133418484800841 0.01294396664102893 0.01262346262250106 0.01236388020595241 0.01215252670655027 0.01197952264915591 0.01183712653896293 0.01171924351826699 0.01162105976123557 0.01153876492663528 0.01146933795259083 0.01141037975610222 0.01135998161904686 0.0113166213062927 0.01127908103444075 0.01124638278181662 0.01121773739199076 0.01119250463699815 0.01117016196127456 0.01115028007175318 0.011132503901321 0.01111653776905951 0.01110213380312933 0.01108908288969165 0.01107720757113318 0.01106635644522386 0.01105639971899634 0.01104722565169741 0.01103873768409059 0.01103085210008062 0.01102349610395611 0.01101660622490524 0.01101012698183024 0.01100400975747931 0.01099821184281841 0.01099269562139786 0.01098742787001859 0.01098237915687663 0.01097752332201341 0.01097283702766227 0.01096829936820396 0.01096389153110169 0.01095959650150702 0.0109553988042981 0.01095128427819768 0.01094723987735748 0.01094325349642439 0.01093931381564145 0.01093541016299738 0.01093153239083804 0.01092767076469845 0.01092381586241156 0.01091995848180997 0.0109160895555602 0.01091220007186396 0.01090828099993014 0.01090432321926909 0.01090031745199015 0.01089625419739992 0.01089212366830142 0.01088791572849073 0.01088361983103701 0.01087922495701773 0.0108747195544678 0.01087009147738823 0.01086532792475272 0.01086041537955012 0.01085533954800934 0.01085008529927623 0.01084463660594714 0.01083897648602086 0.01083308694700517 0.01082694893311497 0.0108205422767248 0.0108138456554942 0.01080683655686995 0.01079949125198772 0.01079178478134644 0.01078369095501136 0.0107751823705118 0.01076623045203591 0.0107568055149737 0.01074687686031484 0.01073641290384908 0.01072538134552613 0.01071374938467686 0.01070148398704835 0.01068855220971222 0.01067492158982166 0.0106605606028478 0.01064543919525166 0.01062952939544909 0.01061280600530803 0.01059524737215633 0.01057683623824608 0.01055756066066302 0.01053741498961862 0.01051640088673337 0.01049452835711326 0.01047181675954116 0.01044829574777501 0.01042400608264251 0.01039900023934988 0.01037334271735042 0.0103471099416871 0.01032038962566208 0.01029327944594155 0.01026588486363346 0.0102383159084824 0.01021068272586977 0.01018308966112604 0.01015562760888548 0.01012836426341306 0.01010133173629192 0.01007451072561633 0.01004781000756349 0.01002103950942079 0.009993874741127829 0.00996581016931075 0.009936099589466379 0.009903683077269635 0.009867102895874056 0.009824414692797585 0.009773105064648463 0.009710031801752455 0.009631408862457691 0.009532864119372111 0.00940960208986445 0.00925670122341612 0.009069559838847694 0.008844474528768145 0.008579296014026341 0.008274072133952861 0.007931565784598835 0.007557529588700467 0.007160628435638873 0.006751931881433043 0.006343963829286881 0.005949401359813992 0.005579634485807965 0.005243482127687288 0.004946353729430201 0.004690033141273319 0.004473079100032088 0.004291663341200663 0.004140578167492508 0.004014165370934406 0.003907013455157866 0.00381437964293683 0.003732371956908147 0.003657961542826305 0.003588896430635765 0.003523572047742089 0.003460894264397402 0.003400154392285812 0.003340924325665675 0.003282973374005311 0.00322620497118823 0.003170610108148223 0.00311623410685887 0.003063153652869082 0.003011461499799075 0.002961256781867182 0.002912639342776448 0.002865706884597865 0.002820554056758573 0.002777272851614138 0.002735953861525606 0.002696688095107937 0.002659569158313353 0.002624695688557122 0.002592173994952038 0.002562120911445088 0.002534666917996589 0.002509959633315423 0.002488167836637384 0.002469486241948122 0.002454141333722859 0.002442398688793679 0.002434572367546276 0.002431037175728813 0.00243224489324912 0.00243874594755417 0.00245121844679681 0.002470506824905784 0.002497672056211919 0.002534052896944876 0.002581328505305221 0.002641545351090971 0.002716996627573943 0.002809663568838658 0.002919631072647336 0.003042149894238374 0.003166874705399827 0.00328742031843414 0.00340733228181031 0.003524603018173188 0.003633102336001076 0.003736450607513751 0.003837598258257063 0.00393667828067151 0.004033038220471841 0.004125853674018591 0.004214510532562911 0.004298637587194629 0.004378069647864719 0.00445278318311701 0.00452284625051286 0.004588386005540755 0.004649569597072085 0.00470659243546652 0.004759669790268844 0.004809029726620044 0.004854906731776293 0.004897536009504336 0.004937148600321866 0.004973967456523934 0.005008204507632072 0.005040058663580105 0.005069714643259724 0.00509734248661303 0.005123097602564561 0.005147121214446786 0.00516954108222622 0.005190472401640445 0.005210018801157663 0.005228273376589183 0.005245319719416095 0.005261232908222674 0.005276080443168503 0.005289923111528179 0.005302815778381311 0.00531480810086471 0.005325945167451801 0.005336268065728652 0.005345814383388181 0.005354618647835152 0.00536271271008415 0.005370126078621897 0.005376886208711002 0.005383018752306045 0.005388547773357094 0.005393495932878179 0.005397884647712513 0.005401734226527443 0.005405063986171009 0.005407892351143548 0.005410236938610693 0.005412114631069518 0.005413541638497147 0.005414533551576082 0.005415105387355914 0.005415271628530851 0.005415046257338033 0.005414442784928111 0.005413474276946146 0.005412153375932175 0.005410492321070195 0.005408502965722663 0.005406196793120965 0.005403584930520792 0.005400678162081092 0.005397486940682137 0.005394021398857863 0.005390291358992858 0.005386306342900841 0.005382075580886625 0.005377608020368273 0.005372912334129813 0.00536799692824854 0.005362869949750287 0.005357539294013928 0.005352012611959724 0.005346297317041434 0.005340400592051713 0.005334329395763514 0.005328090469405757 0.005321690342991274 0.005315135341492108 0.005308431590874708 0.005301585023992886 0.00529460138634081 0.00528748624167112 0.005280244977476823 0.005272882810336919 0.005265404791130709 0.005257815810117784 0.0052501206018865 0.005242323750172567 0.005234429692548117 0.005226442724980869 0.00521836700626945 0.005210206562351037 0.00520196529048646 0.005193646963324336 0.005185255232844438 0.005176793634185298 0.005168265589353071 0.00515967441082246 0.005151023305021448 0.005142315375712117 0.005133553627263592 0.005124740967821279 0.005115880212378216 0.005106974085744085 0.005098025225422502 0.005089036184394014 0.005080009433807701 0.005070947365586955 0.005061852294948092 0.005052726462838169 0.005043572038291902 0.005034391120709409 0.005025185742060758 0.005015957869017595 0.005006709405011548 0.004997442192226928 0.004988158013526683 0.004978858594313559 0.004969545604330494 0.004960220659400561 0.004950885323109467 0.004941541108432214 0.004932189479305737 0.004922831852149561 0.004913469597335833 0.004904104040611573 0.004894736464473915 0.004885368109498447 0.004876000175626645 0.004866633823408636 0.004857270175207019 0.004847910316359726 0.004838555296307091 0.00482920612967983 0.004819863797354182 0.004810529247470861 0.004801203396422592 0.004791887129809077 0.004782581303361532 0.00477328674383762 0.004764004249888119 0.00475473459289538 0.004745478517786032 0.004736236743817165 0.004727009965338029 0.004717798852528679 0.004708604052113172 0.004699426188053461 0.004690265862218957 0.004681123655037513 0.004672000126124663 0.004662895814893915 0.004653811241148933 0.004644746905656677 0.004635703290703345 0.004626680860633153 0.004617680062372204 0.00460870132593357 