# Created by Octave 3.8.0, Sat May 24 16:08:47 2014 ART <alexism@MacBook-Pro-de-Alexis.local>
# name: test_error
# type: matrix
# rows: 1
# columns: 172
 1.695854874341537e-06 0.0219603065914587 0.001529433353836468 1.695854874341537e-06 0.003423797302578682 0.004395259104944379 0.002190696436206406 0.01285541270246556 0.0007148369213448024 0.001001567188846835 0.01499827113791028 0.1545277858032139 0.01445071056642233 0.006901624835250004 0.008162101024853463 1.106002491344762e-05 0.0367410570820678 0.02042227733124924 0.004784825421632641 0.2313814795154592 0.04336171374865571 0.0187497549605493 0.0139391692777737 0.2845416398574941 0.03168226763320405 0.005560463303555406 0.006575143771571579 0.001363315981409222 0.001017411241147745 3.63792757140395e-05 0.006730716285595704 0.01763731747611349 1.695854874341537e-06 0.0001046036592192214 0.001610749194374582 0.001962168876543238 0.04257359179994972 0.04429008837400471 0.001574546141011338 1.695854874341537e-06 0.2420667479934671 0.0259839101473142 0.0009326113149099555 0.02095637817316679 0.01595795865606242 0.1615629957663755 1.309205105178535e-06 0.002184086256973618 0.002663050758229557 0.04599235154668424 0.0001221061991013958 0.0002444787300280579 0.008535969963821371 0.008842455407409683 0.01511081732725958 0.01638863939349441 0.02779580855306252 0.01610351902112645 0.008789346211263267 1.695854874341537e-06 0.004085861948563201 0.005039603477430228 0.03339131378830389 0.02187906132139715 0.01226335105576696 0.02033657595671479 1.695854874341537e-06 0.01052403925467672 0.01060092193041962 0.001010135387927251 0.02092062925081463 0.007442923159424172 0.01335877720673321 0.02892056593907714 5.714738487745356e-05 6.234491381916316e-05 0.0002495058050235228 0.003133423856710934 0.105651797053259 0.0003170489662230766 0.01820857502172921 0.0004402159694808952 1.695854874341537e-06 0.008694907766805867 0.0002423460649041789 0.02191644578122988 0.04271609739404215 9.834098867445126e-05 0.0003652351553983401 0.003035515405256558 1.695854874341537e-06 0.001922676319339338 0.1551961956344297 0.0617566302824231 0.007275857421474659 1.695854874341537e-06 1.695854874341537e-06 0.00886906676430301 0.0118284760024689 4.13448941450023e-06 9.758779232495839e-06 0.006218133663942496 0.02344380134208648 0.01275470279603811 0.0002243060308850469 0.003443227436268102 0.01834230120886602 0.0005009775002179508 0.004133867151740103 0.03284906510871349 0.000653335099137926 0.03924757863727235 1.695854874341537e-06 0.001070866527651897 1.695854874341537e-06 1.695854874341537e-06 0.00469499411593787 0.005650182841865399 0.157773019343206 0.0184344685172908 0.0009234570515000918 0.009267846204134273 0.0005123727038063451 0.008913302984559385 0.001670610495641908 0.0001729715816105984 0.0007396609894369217 0.0007322216548223099 0.01287209258755525 0.01288506283310174 0.0004416064879418431 0.0005489026686825002 1.695854874341537e-06 0.05315761800217342 0.0001007937274362053 0.01588051601934669 0.01558060750489548 0.00181892282391611 0.03501018304047238 0.002954797808292576 0.00288496686809469 0.009339184446462607 0.005583257097843955 0.01561603959331904 0.01011852150209795 0.0389175170337264 0.05851170782726298 0.01393789820770221 1.695854874341537e-06 5.647773730567004e-06 1.695854874341537e-06 0.01802917837890031 0.0336936934365256 0.01655107985890768 0.0005994432984986613 0.004550888546399628 1.695854874341537e-06 0.01041214185891446 0.004647278708468662 0.0009274345855752813 0.03831803042812849 0.003853608605508619 0.01149245359502897 0.0520447808712062 0.008239478863061313 0.2133542541317036 0.0353707108948865 0.02987488525143775 0.008175066139152651 1.695854874341537e-06 0.003726210333807679 0.0004091712693414454


