# Created by Octave 3.8.0, Sat May 24 23:03:30 2014 ART <alexism@MacBook-Pro-de-Alexis.local>
# name: test_error
# type: matrix
# rows: 1
# columns: 168
 0.00213144549801158 0.02687973860119918 0.02768189786016021 0.001053612814154292 0.001232981439617879 0.003112923184750581 1.348975181282753e-05 0.001241407282515602 0.0004369920098968111 0.0001323864607989437 0.002492567022313976 0.0001451814763325326 0.002228248819744901 0.006185570856633573 0.01128234961749655 0.01322227256007464 0.0004736758306455957 0.002513244922525965 0.005468698196279364 0.002108295041161262 0.00132043233561821 0.0005259034389751444 0.002517567703697177 0.0003318602919146084 6.860825984270989e-06 0.001904455579300796 0.006347161218280761 0.02768189786016021 0.001110650214792986 0.009354767339522344 2.93033508428796e-05 0.0009970096748827923 0.01872185362125802 0.0001563156892215527 0.006039671403486614 0.0002508390633043431 0.02768189786016021 0.007239375980496944 0.001475268294917123 3.588697822918002e-05 0.008495357339468866 9.094547382335224e-06 0.001723726895485061 0.008116545109443605 0.00157280122155151 0.06968841455729317 0.01245729233919168 0.0007348184948257761 0.02768189786016021 0.001735869077857271 0.01381590249164367 0.00164147192476356 0.001367446440457035 0.002724131817983006 0.001629672072134194 0.0002902312239624794 0.003101769768603068 0.0002989739942401355 8.354565360100257e-05 1.683030245655421e-05 0.001361918083684768 0.0002851710122437139 2.720802517495269e-05 0.0009405426645491945 0.0002793652896113998 0.0002142434427620025 7.283881975000873e-06 0.0008747091168342253 0.001512662003142229 0.02768189786016021 0.001114347359550971 8.946808866083727e-07 0.001574477749046097 5.410363190206874e-06 0.005898105626691029 0.002331491317893547 0.02768189786016021 0.002125728073880923 0.003371915896888591 0.0004784777656926296 0.000125066430276107 0.0003435425232610925 0.0007106284263549746 0.02768189786016021 0.004601862079908775 4.850464453136071e-05 0.000114016034974663 1.929467123322149e-05 0.02768189786016021 0.000157549457291553 6.770661891594863e-05 0.006652672209526854 0.003220501531697174 0.002672905319600105 3.095167688285478e-05 0.0001091785624593052 0.02768189786016021 0.04340968254249927 6.042046345701401e-08 0.004751577591167141 0.003890877950058735 0.02768189786016021 0.0001188940571167866 0.00982646175085989 7.504899644794979e-05 0.003897628512067691 0.003387548645666489 0.004124604382374991 6.980769774833169e-05 0.005142647712479897 5.158710204758202e-06 0.02768189786016021 0.02768189786016021 0.0007461627890955186 0.0008317018963416782 0.0008603773951266454 0.0005254382438085253 0.0005990979578838846 0.00218843498688276 6.50966251447493e-05 4.890466929485356e-06 3.054763546440234e-05 1.602408312955016e-06 0.003172267186053415 0.001850352770798558 0.001085821688073166 1.599655799349909e-05 4.778533761374395e-05 0.0003310752613017885 0.0005601832584947698 0.0009642616033444458 0.02768189786016021 0.02768189786016021 0.02128802183777761 0.002146520699993669 0.003076247291640716 0.000602408425582719 0.002917310299362698 0.0005159483672937369 0.007649108857778652 4.480752492945534e-05 0.001230090067536602 0.003546048754206297 0.0001518631941083655 0.0002583385795461576 0.02768189786016021 0.001402463754507082 0.001144737613099075 0.00263566187022851 0.01687202099765895 0.0002981471298381891 0.001326334040448659 0.00293256999763778 0.00367080388958642 0.0002172574520801112 0.009113196903945991 0.0002485307605022928 0.04358276883314789 0.006249352196841345 5.250641966111096e-05 0.006306023162121135 9.613393664902486e-06 0.02768189786016021 2.455450742422156e-05 0.0003237168429189402 0.02768189786016021 0.02768189786016021 0.001896857173439698


