# Created by Octave 3.8.0, Sat May 24 16:08:47 2014 ART <alexism@MacBook-Pro-de-Alexis.local>
# name: trainedNetwork
# type: cell
# rows: 4
# columns: 1
# name: <cell-element>
# type: matrix
# rows: 0
# columns: 0


# name: <cell-element>
# type: matrix
# rows: 4
# columns: 3
 1.26917132568104 2.242696630712957 -0.08523588918495473
 -1.111657338401521 2.232937101930809 0.02897598286020576
 -0.1543387178094228 1.896401568311945 -0.02121465403676064
 -0.01589673198641024 5.410704621635291 0.1917470048341227


# name: <cell-element>
# type: matrix
# rows: 3
# columns: 5
 -1.460814480565259 0.8122082618216236 2.001111956300722 1.532747769019226 -0.5932391588028476
 0.3773389108200063 2.57097453550836 3.11401131682265 3.008098642829856 5.083090317115535
 1.049787514228073 2.046354110242928 0.7101457295708352 1.29447876098676 -0.224167781575257


# name: <cell-element>
# type: matrix
# rows: 1
# columns: 4
 -0.1597462413888874 -1.831276239909048 2.683760402548278 -1.784392301810369





# name: hiddenUnitsPerLvl
# type: matrix
# rows: 1
# columns: 2
 4 3


