# Created by Octave 3.8.0, Sat May 24 23:03:30 2014 ART <alexism@MacBook-Pro-de-Alexis.local>
# name: trainedNetwork
# type: cell
# rows: 4
# columns: 1
# name: <cell-element>
# type: matrix
# rows: 0
# columns: 0


# name: <cell-element>
# type: matrix
# rows: 4
# columns: 3
 0.4228252812539584 2.44150334985491 -0.007971073179130171
 -0.4674976064517403 2.64468620271075 -0.1081097442352174
 0.01639733203470096 5.081326963157152 -2.714295616565902
 0.03560970450366532 5.402446231646368 2.860471912116468


# name: <cell-element>
# type: matrix
# rows: 3
# columns: 5
 0.1842510766996252 4.417310629944587 4.701982007222693 2.893039287726737 3.083156155718259
 -0.1188276281540812 3.512461640201774 3.886652479187318 -2.702776036744892 -2.377154949531284
 0.3419991807867936 1.669286448562518 1.274283020797699 -0.2605455443859545 -0.1545004406162815


# name: <cell-element>
# type: matrix
# rows: 1
# columns: 4
 0.03012594404479231 3.145416527140727 -3.018133950899245 -1.915125302011206





# name: hiddenUnitsPerLvl
# type: matrix
# rows: 1
# columns: 2
 4 3


