# Created by Octave 3.8.0, Fri May 02 01:11:20 2014 ART <alexism@MacBook-Pro-de-Alexis.local>
# name: test_error
# type: matrix
# rows: 1
# columns: 172
 6.955448363721589e-07 0.01113488705814811 0.0004323852139099279 6.955448363721589e-07 0.001365769402510418 0.002254334739459683 0.0006865478548078118 0.007699951360476208 0.0001502971309519075 0.0003536099894816998 0.006859485858225663 0.07436261861209625 0.008272461882330434 0.003335161727070419 0.003885323544881082 1.370155662942726e-05 0.01878806832938605 0.008329715287045483 0.002142720298821621 0.1138944759091702 0.02188917310612892 0.008845404293150687 0.00689785938759175 0.1338953414099077 0.0151314958365608 0.002887248617964996 0.003205411564944798 0.0003725104379256349 0.0007624623408210197 1.751013295676082e-05 0.002887181619301391 0.00805183218813311 6.955448363721589e-07 0.0001108398599328182 0.0002104041397483045 0.001140541152368559 0.01837586231051987 0.01992338725490819 0.001046921483713872 6.955448363721589e-07 0.123257282257128 0.01323038199039154 0.0005257541966638387 0.01136675663806559 0.00913955147572602 0.08232362136862721 1.416555797260541e-05 0.001090378272105556 0.001960791341172421 0.02373996864993077 0.0001815809883171241 4.007503236684037e-05 0.004491464478619993 0.004882869342379807 0.003873989429329928 0.007983460462896261 0.01310310102922512 0.008913667643349913 0.004325314734961892 6.955448363721589e-07 0.00172203255590392 0.002575576093644033 0.01433012964489125 0.01208958247390467 0.005522404105873583 0.009968696693380217 6.955448363721589e-07 0.004652733695714857 0.005573541401765889 0.0006909090616652432 0.01100547560170955 0.00361441693346567 0.007352780998227775 0.01162156973127531 5.96062589736891e-06 6.435205499936356e-06 6.808977615400468e-05 0.001747902739422297 0.05172856853930345 8.762593617678218e-05 0.01013780109036626 0.00028747957213804 6.955448363721589e-07 0.003167140538412359 2.445600326910532e-05 0.01100630221325151 0.02042698438494154 3.907291406466625e-07 0.0001101842184499851 0.002029971183513569 6.955448363721589e-07 0.0007528117103612387 0.07528932877101656 0.04032987218446129 0.003635903117734123 6.955448363721589e-07 6.955448363721589e-07 0.004133462690913609 0.006414262499576081 2.822143247627346e-06 1.351362430136171e-05 0.003026106878678158 0.01168568617695757 0.007054919704171668 0.00196675103635337 0.00202486885028838 0.007660642509899353 8.97880646400498e-05 0.002209501253066025 0.01637228455800001 0.0004943588690970778 0.01953555248393343 6.955448363721589e-07 0.0003991573410522286 6.955448363721589e-07 6.955448363721589e-07 0.002471590138707859 0.01575559043373004 0.08295078964546787 0.01080640664827493 0.0002812219940266838 0.004843775276526202 0.0003743110666659295 0.00407829111551831 0.0004866059169481981 4.012913398528199e-05 0.0001782958867737914 0.0006313584480741934 0.006459654103263189 0.006529427324131414 0.0001445844461216161 0.0003836199806465261 6.955448363721589e-07 0.02670615371450121 0.0001246251364411285 0.01376510364977966 0.007843429384721649 0.0009586291133963264 0.02956461682537849 0.001591712876757625 0.001805010483895066 0.005375258032317457 0.002880138460204706 0.009405033087843738 0.005727484117261209 0.01869616009252029 0.02863762900354374 0.007876574629475117 6.955448363721589e-07 0.0001282575979897068 6.955448363721589e-07 0.008986394231436545 0.01806239546451573 0.009745863628111456 1.490741904210189e-07 0.002759568223446602 6.955448363721589e-07 0.005472095715519237 0.002687513665537458 0.0006125908618944135 0.01953497943495114 0.001734124425095958 0.007128842146944515 0.02913772895592788 0.003922397147942618 0.09974684025974941 0.0290461983454741 0.01449854323676663 0.003557104816094718 6.955448363721589e-07 0.001960238102447166 0.0003000475000651993


