# Created by Octave 3.8.0, Fri May 02 19:42:10 2014 ART <alexism@MacBook-Pro-de-Alexis.local>
# name: test_error
# type: matrix
# rows: 1
# columns: 400
 1.465903092601378e-05 0.0003602725005465346 0.00230683646681772 0.004468276199555351 0.02408514041075648 0.01257931325652601 0.004244634331084158 0.01521949553353122 0.002381002615723029 0.004501579666970233 0.007481136594247361 0.003369705455574879 0.01146418944048349 0.01007565408469956 0.01695231911967111 0.007814582774996758 0.06350734951978114 0.01314089173859794 0.0201924806393389 0.006708823701564437 0.006023791256520267 0.0009191771960113862 0.01677523400246227 6.749578340207073e-05 0.001017738491968969 0.02562273726638871 0.006861664597804382 0.001591079305734677 0.0001363593778397685 0.003988797316912429 0.0004971878088140583 0.0331069661932048 0.002795920000201034 0.01251346003377376 0.01975542271377156 0.002238663519918045 0.003783716284294456 0.001156059436864192 0.07925617546550241 0.002129647023468635 0.01173657882475277 0.0009316023346591055 0.0001335696333395677 0.03087979318479974 0.01234551842512099 0.00401451509644641 0.008675795996897905 0.006123314975443059 0.001058190804704851 0.01494614287881645 0.05619281269933985 0.002307670552813313 0.0004427481419827851 0.003018187594871165 0.02825491739949381 0.0007347034885301871 0.02241222103982024 0.005406880834673545 0.001056843765081806 0.0004242273012036082 0.02338131225152445 0.01782219829833526 0.0116941554832409 0.004053472154665929 0.2293044172051683 0.007253134618503476 0.005214415188187618 0.005548679944342635 0.04934288342303048 0.005869674315545301 0.0003388167416912696 0.004849634448684502 0.03526673323889699 0.009387752223116287 0.07061847584056002 0.05405508125346618 0.0003865668292998092 0.001738668471846816 0.003869219004346114 0.01640839149132509 0.002168937060673749 0.002834546943238452 0.0001169197930366222 0.003153904596190227 0.02125644475698916 0.01021617539552894 2.701132322204156e-05 0.005257481559228862 0.00312854726138407 0.01611962008293012 0.1827539107454431 0.02079770104025289 1.215701904151457e-06 0.0006486077314018414 0.02077054835435185 3.473878952882634e-05 0.003454304351251197 0.0136451964229986 0.004332147156061584 0.004489537698741867 0.0009870790638187047 0.02104191117907549 0.002290279639941131 0.006208140923604917 0.00749333939246261 0.00267822202661491 0.005712890798744014 0.01474191788468754 0.01530350775006332 0.007682572786307739 0.01085126125640257 1.404807140084822e-07 0.0009611224754793099 0.0001239697638251011 0.001730238219844447 0.003067612379761698 0.009573375981571429 0.01276104387166758 0.003573342816808122 0.004408635080534251 0.09732643652001002 0.0004949587844937213 0.0003787254065706915 0.0006886615649969242 0.001722003230699279 0.02079890838180802 0.01506858541318641 0.01249615710123485 0.0139493798812825 0.0007511896820269813 0.007468387185078925 0.003145095649378141 0.01451760549377492 0.00312709256522621 0.005967382738757266 0.02485423535310297 0.001620292372378434 0.01110005846572846 0.01986232851018043 0.02275358186877715 0.01523909265607966 0.008607589308539517 2.854184681125132e-05 0.002285537725514975 0.01049916994148419 0.03274168044448279 0.003250141570663885 0.008135771294437828 0.01761975169462572 0.06767505339263649 0.002218180296462521 0.009339814066935744 0.0003701521691740783 0.0003285479097417205 0.0155373459673728 0.001231521217092694 0.01632311460972442 0.0003355481315950394 0.00367891044505317 0.002772557139339169 0.007876955180024995 0.02149576670622925 0.001826671414954423 0.04988372547697695 0.01405881539321443 0.02223798105795698 0.003216742047025967 0.0005473422851189425 0.009068799200472544 0.1182619061008515 0.0188684951379922 0.01545625442393411 0.01427594596737157 0.04772739630005169 0.00219509184189055 0.0174591669688616 0.005467900409034058 0.08101456644945443 4.678483715631694e-05 0.0006826855181181282 0.05280025031399782 0.002219948494476218 3.509855305105211e-05 0.1038595852449433 0.007140930038887122 0.007486669668978459 0.002359723331759296 0.003240692137848144 0.0004262315785178412 0.1696313759530499 0.001424238508997712 0.01069181973441051 0.0007448883044297447 0.01003391969717782 0.0223233872094333 0.003446642111190319 0.001103402881191611 0.005756725048505242 0.002090414469012301 0.01828106940342979 0.001241331690207733 0.0007194144565576044 0.02184711736734819 0.005613441110658045 0.002019463547574441 0.2096697728775055 9.190746990020917e-08 0.003717733227701427 0.001293376373266958 0.01953535046689176 8.084036017064505e-05 0.06378792757238272 0.001006877731494956 0.0009648057719265125 0.0142580862109521 0.006417050097909762 0.001223982288126885 0.01118474475762465 0.002651233695518362 0.009880819394893008 0.000505960858060378 0.003602987201734738 0.004586606571999045 0.002487254531764471 0.04336730613448794 0.001554497516818186 0.002776719949496253 0.01916197506266593 0.005267986087173424 0.2100466315320386 0.00822746865990925 0.001553902977503536 0.002729259108006947 0.006971019650722499 0.0008801740257580306 0.01522113438825445 0.01115482710284557 0.001809459938611932 0.02159809938668363 0.145322253213828 0.01923249861277714 7.275538369471973e-05 0.0213622756611695 0.0006023332114257436 0.002467163375514968 0.01059835707226952 0.01971954069683516 0.001350036729180362 0.003390005665705714 0.0005257268582154903 0.01212247918559761 0.001618845374352085 0.008696802286584718 0.06008648698054766 0.0005346829486256177 0.0004774362107888733 0.02522087184260523 0.001208896221877056 0.07812813564707322 0.01440583343872893 0.01224084165004477 0.004952122524051656 0.006749940949324988 9.753011922160312e-06 0.02875650676797555 0.0004676397009910237 3.628274177240424e-05 0.001431395984498983 0.002734359344142737 0.01410143462807512 0.002160048001737705 0.09398307784205609 0.0007953764805524778 0.1250870091026535 0.0009081195841979709 0.1275458262984067 0.006469289174936927 2.886493217376387e-05 0.004520905701914224 0.01206672257443821 0.004262546175493231 0.002683987125989253 0.1071043868906347 0.1950956297492574 0.2649467742692477 0.01263593395700727 0.0001426241615391591 0.2845198243097645 0.01951727750344207 0.0007947266995995756 0.02941793842528594 0.007941943408822691 0.005442237707351548 0.005919744030492715 0.01449321461451563 0.001740065099184334 0.0123257153498536 0.003464873967950801 0.0004942351475606112 0.008065221352235301 0.004183918218082013 0.181949232366497 0.0002176602630818878 0.02429799890113657 0.0002930883066537902 0.001471006251525282 0.00205067617743112 2.411437617880444e-07 0.0008627115421421591 0.001188870495083197 0.002477884848025662 0.0001877542910583022 0.007448046541678678 0.0135096934476529 0.003019510332983099 0.04560392090747502 0.03519819951390293 0.001831812890253604 0.04339120217802132 0.01688373555495581 0.0008372683628324081 0.02247739450573527 0.009696263606425597 0.00331501205442712 0.000130553182740579 0.001352641612302216 0.01175354533345919 0.02796328240407865 0.005388228854157821 0.004689115180615945 0.00938156623179958 0.0178577464465988 0.0007162235449691866 0.01491728577814505 0.00194343116461902 0.002920459936018709 0.01561007594036881 0.0353001238650557 0.001833992827774242 0.01712543076575472 0.001917297907313159 0.005790352248945036 0.02232310562343483 0.004029564196543524 0.003687674732278864 0.003932615621327344 0.01297557224315885 0.0007720448560962221 0.002693112037781358 0.01284738692406384 0.2047802626647247 5.637650046358949e-05 0.04783755597472901 0.01394013152179007 0.01682341828711468 0.001882377959664149 0.01160574747687399 0.007194556946011444 0.008030320776878491 0.002141740550018895 0.002368246844133802 0.0140949960196387 2.337924584096533e-05 0.002143477602427397 0.02976427820331862 0.002500601393607111 0.2370793969109344 0.002212925795632343 0.002876688911246409 0.09176231941643415 0.00565683739885854 0.001014081158112048 0.04467099343528978 0.002146428441693672 0.001383713765767335 0.009899116614546778 0.01118398496198595 0.006804953380971052 0.003812069614409204 