# Created by Octave 3.8.0, Thu May 01 23:51:36 2014 ART <jugutier@Jugumac.local>
# name: MAX_EPOC
# type: scalar
1000


# name: train_error
# type: matrix
# rows: 1
# columns: 1000
 0.1341773627038772 0.117289218105603 0.1087888777861579 0.1035556053116165 0.09965100028701487 0.09592759235864889 0.09182264106564732 0.08699452461462166 0.0812236674335938 0.07447156876096649 0.06696515922883638 0.05919354547043078 0.05175676521603679 0.04513865210661851 0.03956745898121556 0.03503375099367309 0.03139248695922895 0.02845872913838008 0.02606303063410869 0.02407210655678289 0.02238978861811319 0.02094980277639739 0.01970685448914661 0.01862900123939402 0.01769227009140869 0.01687739974172833 0.01616812569520194 0.01555037592437927 0.01501190220175089 0.01454207187047928 0.01413169684378591 0.01377286286221025 0.0134587590109906 0.01318351729482594 0.01294207043938933 0.01273003146593453 0.01254359453070401 0.01237945407356753 0.0122347384147169 0.01210695411885214 0.01199393820190588 0.01189381616917925 0.01180496467764071 0.01172597818639152 0.01165563928516901 0.01159289252176966 0.01153682155777355 0.01148662943421356 0.01144162167188398 0.01140119189064346 0.01136480961722997 0.01133200996005555 0.01130238485554052 0.01127557562615663 0.0112512666290361 0.01122917981128481 0.01120907002145311 0.01119072095490352 0.01117394163399804 0.01115856334259526 0.0111444369490136 0.01113143056314357 0.01111942748246041 0.01110832438887616 0.01109802976412729 0.01108846249606648 0.01107955065207205 0.01107123039899195 0.01106344505174038 0.01105614423496262 0.01104928314415391 0.01104282189431579 0.01103672494570423 0.01103096059750023 0.01102550054134647 0.01102031946766345 0.01101539471850745 0.01101070598147507 0.01100623501981098 0.01100196543444672 0.01099788245420224 0.01099397275082319 0.01099022427591825 0.01098662611720358 0.010983168371766 0.01097984203432362 0.01097663889870047 0.01097355147094027 0.01097057289267004 0.01096769687348761 0.0109649176312922 0.01096222983960442 0.01095962858103622 0.01095710930616996 0.01095466779719535 0.01095230013572985 0.01095000267431798 0.01094777201116492 0.01094560496771402 0.01094349856872468 0.01094145002454915 0.01093945671534302 0.01093751617697708 0.01093562608844608 0.01093378426059561 0.01093198862600967 0.01093023722992138 0.01092852822202603 0.01092685984909061 0.01092523044826697 0.01092363844102767 0.01092208232765279 0.01092056068220594 0.01091907214794412 0.01091761543311413 0.01091618930709312 0.01091479259683661 0.01091342418360152 0.01091208299991605 0.01091076802677125 0.0109094782910124 0.01090821286291107 0.01090697085390053 0.01090575141445974 0.0109045537321327 0.01090337702967097 0.01090222056328959 0.01090108362102653 0.01089996552119785 0.0108988656109409 0.01089778326483923 0.01089671788362294 0.01089566889293968 0.01089463574219079 0.01089361790342888 0.01089261487031254 0.01089162615711458 0.01089065129778075 0.01088968984503561 0.01088874136953304 0.01088780545904871 0.01088688171771222 0.01088596976527655 0.01088506923642314 0.01088417978010029 0.01088330105889338 0.01088243274842531 0.01088157453678527 0.0108807261239848 0.01087988722143944 0.01087905755147497 0.01087823684685665 0.0108774248503408 0.01087662131424705 0.01087582600005092 0.01087503867799491 0.01087425912671819 0.01087348713290289 0.01087272249093722 0.01087196500259384 0.01087121447672311 0.01087047072896047 0.01086973358144718 0.0108690028625638 0.01086827840667584 0.01086756005389098 0.01086684764982724 0.01086614104539169 0.01086544009656906 0.0108647446642199 0.01086405461388772 0.01086336981561482 0.01086269014376613 0.01086201547686109 0.01086134569741274 0.01086068069177398 0.01086002034999058 0.01085936456566047 0.01085871323579937 0.0108580662607119 0.01085742354386857 0.01085678499178782 0.01085615051392317 0.01085552002255507 0.0108548934326875 0.01085427066194872 0.01085365163049627 0.01085303626092587 0.01085242447818411 0.0108518162094848 0.01085121138422854 0.01085060993392583 0.01085001179212308 0.01084941689433168 0.01084882517795995 0.01084823658224762 0.01084765104820325 0.01084706851854367 0.01084648893763614 0.0108459122514426 0.01084533840746605 0.01084476735469917 0.01084419904357465 0.01084363342591763 0.01084307045489977 0.01084251008499517 0.01084195227193788 0.01084139697268096 0.01084084414535715 0.01084029374924082 0.01083974574471151 0.01083920009321862 0.01083865675724749 0.01083811570028662 0.01083757688679615 0.01083704028217734 0.01083650585274323 0.01083597356569031 0.01083544338907113 0.01083491529176798 0.01083438924346725 0.01083386521463499 0.01083334317649303 0.01083282310099611 0.01083230496080964 0.01083178872928829 0.01083127438045533 0.01083076188898256 0.01083025123017099 0.01082974237993213 0.01082923531476998 0.0108287300117634 0.01082822644854932 0.01082772460330632 0.01082722445473876 0.01082672598206161 0.01082622916498542 0.01082573398370215 0.01082524041887116 0.0108247484516058 0.01082425806346043 0.01082376923641775 0.01082328195287666 0.01082279619564035 0.01082231194790485 0.01082182919324805 0.01082134791561879 0.01082086809932653 0.01082038972903126 0.01081991278973361 0.0108194372667655 0.01081896314578082 0.01081849041274662 0.01081801905393438 0.01081754905591167 0.01081708040553399 0.01081661308993691 0.01081614709652843 0.01081568241298152 0.01081521902722696 0.0108147569274463 0.01081429610206521 0.01081383653974672 0.01081337822938501 0.01081292116009912 0.01081246532122694 0.01081201070231941 0.01081155729313486 0.01081110508363347 0.01081065406397192 0.0108102042244983 0.01080975555574694 0.01080930804843363 0.01080886169345078 0.01080841648186289 0.01080797240490202 0.01080752945396341 0.0108070876206013 0.0108066468965248 0.01080620727359389 0.01080576874381556 0.01080533129933998 0.01080489493245691 0.01080445963559205 0.01080402540130366 0.01080359222227918 0.01080316009133184 0.01080272900139761 0.01080229894553207 0.01080186991690741 0.01080144190880938 0.01080101491463465 0.01080058892788785 0.010800163942179 0.01079973995122083 0.01079931694882624 0.01079889492890583 0.01079847388546549 0.010798053812604 0.01079763470451086 0.0107972165554639 0.01079679935982728 0.01079638311204928 0.01079596780666026 0.01079555343827075 0.01079514000156935 0.01079472749132098 0.01079431590236497 0.0107939052296133 0.01079349546804883 0.01079308661272355 0.01079267865875706 0.01079227160133483 0.01079186543570667 0.01079146015718522 0.01079105576114445 0.01079065224301817 0.01079024959829865 0.01078984782253527 0.01078944691133314 0.01078904686035177 0.01078864766530383 0.0107882493219539 0.01078785182611727 0.01078745517365876 0.01078705936049153 0.010786664382576 0.01078627023591876 0.01078587691657144 0.01078548442062983 0.01078509274423265 0.01078470188356075 0.01078431183483602 0.01078392259432056 0.01078353415831567 0.01078314652316102 0.01078275968523377 0.01078237364094769 0.01078198838675237 0.01078160391913242 0.01078122023460667 0.01078083732972733 0.01078045520107939 0.0107800738452798 0.01077969325897672 0.01077931343884895 0.01077893438160514 0.01077855608398316 0.0107781785427495 0.01077780175469859 0.01077742571665222 0.0107770504254589 0.01077667587799336 0.01077630207115586 0.01077592900187173 0.01077555666709083 0.01077518506378693 0.01077481418895732 0.0107744440396222 0.01077407461282423 0.01077370590562807 0.0107733379151199 0.01077297063840694 0.01077260407261704 0.01077223821489824 0.01077187306241828 0.01077150861236431 0.01077114486194238 0.01077078180837709 0.01077041944891123 0.01077005778080531 0.01076969680133734 0.01076933650780231 0.010768976897512 0.01076861796779452 0.01076825971599402 0.01076790213947036 0.01076754523559886 0.01076718900176986 0.01076683343538851 0.01076647853387449 0.01076612429466166 0.0107657707151978 0.01076541779294437 0.01076506552537622 0.01076471390998128 0.01076436294426046 0.01076401262572718 0.01076366295190732 0.01076331392033888 0.01076296552857177 0.01076261777416765 0.01076227065469956 