# Created by Octave 3.8.0, Thu May 01 23:51:36 2014 ART <jugutier@Jugumac.local>
# name: test_error
# type: matrix
# rows: 1
# columns: 172
 3.608506231265685e-06 0.009969294270871273 0.001111264313792859 3.608506231265685e-06 0.002497528170508756 0.001649833246817053 0.001926486445594545 0.005171827041379732 0.0008792253609432594 0.0009122815138506107 0.005808841636086779 0.07859013692392938 0.006137908209861873 0.003220727958432187 0.004861448437413356 6.890597210703833e-06 0.01620699490756798 0.00907716986952516 0.003141644602047607 0.1254865858536445 0.0202110812965579 0.009046810222782559 0.007597111150912164 0.1508249138312452 0.01540936242341748 0.00242736267987572 0.003006186813631642 0.001334987225646781 0.0001609474927147203 3.032250594418728e-05 0.004012927533055468 0.006955725257153262 3.608506231265685e-06 9.594931718854251e-08 0.0009672028159202853 0.0009914848756511661 0.02341386234025498 0.02450340123960067 0.0004856423717838781 3.608506231265685e-06 0.1285225231063548 0.01299307311391158 0.0002335038425903886 0.009266664495278184 0.006777102301511991 0.08669326582029073 3.396004212816908e-05 0.001562041089645583 0.0008578295908936776 0.02042744638004598 0.0002801350366374909 0.0003907327341127274 0.003896931316318538 0.003375024232902972 0.007587130843625248 0.00864225095714713 0.01338469852462825 0.007104340717232836 0.004650188410257202 3.608506231265685e-06 0.003320584311282529 0.00372797525331408 0.01928873725837005 0.009718288608148266 0.008572803007305526 0.009684088779766935 3.608506231265685e-06 0.006748503952131136 0.003539026916412928 0.0001868500237193805 0.009719168416455891 0.003907181133445736 0.005918204733910762 0.01430113789288313 0.0001413988178698331 0.0001460249013911198 0.0004085451139682394 0.00256637199000487 0.05659209873399336 0.0004622314259255764 0.007882442257125125 0.0001035546942700003 3.608506231265685e-06 0.005643300389153675 0.0004633012991655224 0.01030363723285616 0.02064104118874971 0.0002939070874899361 0.0003988790667383862 0.0008921706919294928 3.608506231265685e-06 0.001508120111551268 0.07978596520088332 0.02770996206509577 0.003395824915579773 3.608506231265685e-06 3.608506231265685e-06 0.005214018943216801 0.00406027523989793 1.322171033190758e-06 0.0001430844540651814 0.001976653151758647 0.01106251742115418 0.005619673318585709 0.0004502618012710692 0.001090111293255574 0.00782342176179005 0.0007008543084802473 0.003141805663938003 0.01560240746238182 3.211288280336912e-05 0.01877857167253337 3.608506231265685e-06 0.0007243349404294526 3.608506231265685e-06 3.608506231265685e-06 0.001980161933116311 0.00160663864847825 0.08250224881145811 0.007758029842844435 0.0009692214008459827 0.004607218499720387 6.305997974782587e-05 0.003118674516366496 0.001575404610774242 0.0002978467718702554 0.0006472755493012332 0.0007468483440257059 0.006057960892822168 0.008323672852279581 1.422072531095927e-05 9.46016011517001e-05 3.608506231265685e-06 0.02666833927437026 1.889750633395386e-06 0.003721782750739292 0.007224926426938822 0.0008102232954194976 0.01233150250055522 0.002407808670029378 0.001939799234551926 0.00393099619553236 0.002278788086168055 0.006316894991626504 0.005804925541551091 0.01845009438358456 0.02764074138925994 0.005952556032384627 3.608506231265685e-06 6.81828942558408e-05 3.608506231265685e-06 0.008501424610074833 0.01502938386411574 0.006951571455692278 0.0003261158088130402 0.0027612889574669 3.608506231265685e-06 0.004594777479871586 0.001208458843096865 8.155447686909538e-05 0.01698386033941949 0.002562152254640067 0.004501481461167648 0.02227169881330954 0.005000563495186306 0.1133025667029109 0.01289016420126537 0.01445608556294227 0.005202448398645191 3.608506231265685e-06 0.001920126499702308 5.571987382730437e-05


