# Created by Octave 3.8.0, Fri May 02 19:22:51 2014 ART <alexism@MacBook-Pro-de-Alexis.local>
# name: test_error
# type: matrix
# rows: 1
# columns: 400
 1.053785444062515e-05 8.662689895290014e-05 0.001675819325440864 0.003919533259141204 0.02047550991396288 0.0137107549518123 0.004854314837828286 0.001338018125896422 0.0007133253964028846 0.001623433910839587 0.02426903088481511 0.001137356712209882 0.00667174582232139 0.0109190349147194 0.001165666087961522 0.009036077535696371 0.0524679270177685 0.008656054347618526 0.005614884864431261 0.008670681450620813 0.0001023480326908866 0.002112628680659274 0.01699896155203383 1.394802203260565e-05 0.006374770156963968 0.03428633376114571 0.009828715511245062 0.005899701704686113 0.002881098701316798 0.003930180796230974 0.0001151080483143929 0.04043438271864665 0.0003288418423848924 0.01286206169711382 0.00759288925578356 0.003491900270666541 0.003102764781590603 1.817148300707046e-05 0.09508311620111876 0.004198077516013007 0.0002098171840191171 3.95610129489222e-05 0.0002321232901324714 0.0408076352591341 0.02748992357740955 0.001071480266778061 0.005792223354218428 3.370386720170713e-07 0.00215344288599874 0.02055936278336069 4.881239337268399e-05 0.006625487103146963 2.367848112860407e-05 0.002884189920037969 0.001469212459458144 0.001159590134221717 0.002004339542251596 0.004962521111174405 0.001193105469766314 0.005137980586123174 0.01964099413580211 0.01773252418296766 0.000137369104524858 0.002224321159733671 0.2533387723821826 0.005025224606803745 0.006606948723451264 0.005031078093776077 0.001092455903079223 0.004436336765932808 0.001877449353972355 0.003008017437963656 0.04186185184529834 0.005184240089298265 0.09126539494300948 0.04601632559480259 1.46718712531218e-05 0.002424917450297659 0.005505878733899154 0.01344590267533955 0.000154856733635382 0.03575832320858598 3.608506231265983e-06 0.007244359301773908 0.001914427592088968 0.00676690593800769 0.004589390160242378 0.00736280322606698 0.005363386482115616 0.0005651311644133529 0.2029224574522352 0.001751777679994001 0.001102824829338708 0.0006623778805624438 0.001564938126844552 0.0003432019811867122 0.002416895568787701 0.0008533343819157955 9.775521449362097e-06 6.115509968037853e-05 0.0003856856906430933 0.001888391225213037 0.000608448581751898 0.007443287077501188 0.005279102729102397 0.004585395137689799 0.007012016155393592 0.01429674457368742 0.003051005971894003 0.005131770557577751 0.01083276936560927 0.0008046162960326349 0.001834740681478191 0.0007311750231271308 0.001052762389083623 0.00308440581752215 0.009589743286803853 0.008078717992830119 0.005476143555490282 0.001639057360785729 0.08640749515175492 3.352499991602046e-05 0.003343302626817084 0.002787075899334308 7.351874121773252e-05 0.001752211558078748 0.01235998884838225 0.007663694073569147 0.01290608965429975 0.002528316807811144 0.007428249916740738 0.005163268300176486 0.01395476237972994 0.005424931926785839 0.007891351710481101 0.01718209870179613 0.0009230321184745477 0.00643333954724344 0.001777732027594302 0.01984709229059179 0.001632779400723515 0.008527048789154628 0.0009635348509810874 0.0002178007292460059 0.001897613194541719 0.0091227147191248 0.005515854400919488 0.008102904728686234 0.001110793558478335 0.07439080352958351 0.003739078943153648 0.005476348216301105 0.001854522551448542 0.005063790771818912 0.0004573864125567761 4.980714722670606e-06 0.0139081403994908 0.001618264748768984 0.002991539335935336 0.0003215446885168416 0.0002277114601211386 0.00176052100411648 0.003259203852598522 0.003314230055698274 0.007923790880104458 0.001949070265410052 0.001702043262524947 1.000920090431572e-05 0.005340140605132665 0.09998934243666979 0.004074269895387007 0.00807224667551204 0.0003315937534758358 0.00327443408034783 0.003286702204247329 0.006898697894432654 0.003645653547103969 0.09476831383284834 0.0002239166546103524 0.009946233948676273 0.02557279514601586 0.0001923117235831661 0.0001797587399129845 0.09064879253426013 0.00681681757729788 0.0001227840843147154 0.000200112748921132 0.003549785308961936 0.005273844481312445 0.1768359083900352 0.003718226788292871 0.006252382337645925 0.0007019948698024675 0.009146995441928627 0.002075306757283013 0.001878231353440617 0.001920635714767144 0.004272381889525599 0.0004657138570595605 0.02617154401704417 0.001496097268529499 0.0001299024856218829 0.001835097473030041 0.006752212187689323 0.0001240420931244058 0.01359745782721747 1.931769151465923e-05 0.006543179999548394 0.002704006846205492 0.001967636060866268 0.001134584090460924 0.05639593484463695 5.145349841537142e-08 0.005340629644851659 0.008081899733681333 0.002899376286261147 0.0005407664843139024 0.0001556405956560366 0.0002959916409547581 0.02693526342707411 0.0002648581653295309 0.002129123508040208 0.0005113104762360015 0.0002353117772335802 0.05110526812702694 0.0002282787224376426 0.0008278176120710077 0.01573601911849625 3.181077233334542e-05 0.2257273429618999 0.004842107006273928 0.0009909936549100111 0.002783108629621692 0.006919170500056328 0.0014403312249254 0.01557059858780982 0.0003488752206339387 0.0006303895648375044 0.0208067873102934 0.1608165807587419 0.01497295212714933 0.0001704569970801302 0.02250578931897583 0.0005092727749868712 0.001340043317299466 0.01029838014703876 0.001273360885869268 0.001283437928969067 0.0010356737067099 0.003672989636436912 0.01238093536450103 0.005501982098550303 0.009943747056650135 0.05938853790529305 4.525829748610551e-06 0.0001875317855806211 0.02184500069791352 0.003392509076903332 0.05714888052096959 0.0007272613349112142 0.0006514025043194608 0.0005844209552484619 0.004579905470358416 0.0008977379995251206 0.02826554733295686 0.000272968756839507 0.002377890638190164 0.004006630773058907 0.005162562237034448 0.01181721115876173 0.001642917428139699 0.05315050429018196 1.048084344785415e-05 0.1350879817242519 0.005886800392953659 0.1469013739248255 0.000168970642786086 0.001004844545430806 0.003434044048203849 0.0121203729818993 0.002843623830595044 0.0003390916651886613 0.1249609891419535 0.1544281700693396 0.2699092853890946 0.007443650911423556 0.0001680621583216361 0.2602163881348473 0.001230476422394924 0.001432319125033934 0.03483186763506856 0.0001499692012595755 0.00381590975938142 0.003799194390134883 0.01908225791450007 7.209998053824987e-05 0.01329486200768832 0.003660760231407353 8.452932420310835e-05 1.629648332906972e-06 0.006769538800403964 0.01796510347035019 0.00375370554087388 0.01998593956633371 0.003445562028655214 0.000563745556737203 0.0001274844035569431 0.0001419987108610472 3.204279375747294e-06 0.01026241032919719 0.004912349929014164 0.0009159455531081677 4.248982443855701e-05 0.007598008666795217 0.002219913775978961 0.05365952851964609 0.03360193534404086 0.0009450759552320191 0.0009951020682318662 0.01630600940948602 0.00191187647180836 0.002032915164524862 0.006878325631179833 0.00518093180409124 0.0003182361341754196 0.01044318872773398 0.01111282255609049 0.02364855546315332 0.003784955767483241 0.004045133894708486 0.007444254856691761 0.001203402059088985 0.005932037007506934 0.01319423342593492 0.007407206098951673 0.001796273113617376 0.0004898804337449477 0.0004604981716035074 0.0007531977894567076 0.002064050689307464 0.00179280752065765 0.004249444419583251 0.01905671614213185 0.0002388107428554195 0.003566737388137272 0.003288078990627999 0.009754014463466331 0.002652001355430616 0.0002956034532220828 0.0003346431680425323 0.2054053771743141 0.001174955809715934 0.02218657654893952 0.003796639703672678 0.01631275580252982 9.099436458565888e-05 0.000394272594109845 0.004200049370760465 0.00854221131219325 0.0001822438725745968 0.001837160442313809 0.01250523330485193 4.54508521345522e-05 0.007832008438886845 0.02507465885543034 0.0002391558428101276 0.2496445522092253 0.004628851176868819 0.002709306056980759 0.1010592707102722 0.0044182838559598 3.414589699319857e-05 0.03055150288590978 0.002670717504273597 0.005944728712809329 