# Created by Octave 3.8.0, Thu May 01 23:51:36 2014 ART <jugutier@Jugumac.local>
# name: trainedNetwork
# type: cell
# rows: 4
# columns: 1
# name: <cell-element>
# type: matrix
# rows: 0
# columns: 0


# name: <cell-element>
# type: matrix
# rows: 4
# columns: 3
 -0.8724585124127543 1.686443460083824 0.04914998336417054
 -0.04054970454147877 4.681465959939266 0.07358564961635131
 0.599614927811749 1.796553445647858 -0.07462018987419596
 0.489189120666376 1.568747387544962 -0.04683839921070657


# name: <cell-element>
# type: matrix
# rows: 3
# columns: 5
 0.3345221568842128 3.513692627980404 4.883514588698446 2.801160219861025 1.376252654902834
 -0.09003470454662646 0.8011161482890025 -0.5442938120684996 1.458970868927224 1.251240163191134
 -0.6132144588956926 1.444500847984959 -0.01543391890396371 0.4907217151549523 0.4529334558619147


# name: <cell-element>
# type: matrix
# rows: 1
# columns: 4
 -0.3698758204161033 3.11107084338598 -2.669673053151588 -1.980747613736566





# name: hiddenUnitsPerLvl
# type: matrix
# rows: 1
# columns: 2
 4 3


