# Created by Octave 3.8.0, Fri May 02 00:45:57 2014 ART <alexism@MacBook-Pro-de-Alexis.local>
# name: test_error
# type: matrix
# rows: 1
# columns: 172
 0.0001169197930366245 0.010397160090909 9.698490270043546e-05 0.0001169197930366245 0.0002395819790951984 0.002035099984334742 0.02103305166474678 0.008069448256546248 0.01643690539389738 0.001979711454153531 0.007184096545020969 0.05447282597228405 0.008213474987744617 1.783186942572594e-05 3.86395490971594e-07 0.004849159484224859 0.0183513562926377 0.008775709829194714 0.003402888091309838 0.1165337112888979 0.02104410660436388 0.01112635208742932 0.007848446437325152 0.1335224342606029 0.01791296980773603 0.0009968505213507979 1.11632639801603e-06 0.01990059734922622 0.005359858909223285 0.00713187091412658 0.000928945351628934 0.008971060944724735 0.0001169197930366245 0.0008205360736650752 0.01149528926279062 0.00381100149024726 0.02493651748703585 0.02116419661221088 0.0024452456497811 0.0001169197930366245 0.1145132314981805 0.01861618713495224 0.007483417654931439 0.01421369759701525 0.009207992972946305 0.08077402648803188 0.001520065635259596 0.001024744669717489 0.002998308207277157 0.02113307783212131 5.569902052448309e-05 0.01331168512457167 0.003791889106604837 0.00168835788617429 5.55397425501193e-05 0.0004475863874818364 0.01614848801380132 0.008585275583210216 0.006221874027072316 0.0001169197930366245 0.000902002644448287 4.517817845938792e-05 0.01455678449546927 0.0162937788607602 0.006535566067227781 0.01217421788236457 0.0001169197930366245 0.002266133703566311 0.00513107162849475 0.004077976187361664 0.01029680947850535 0.0001315911181917368 0.006870394612110845 0.009763604523681942 0.01006720436982759 0.002044951277736161 0.0005369326822050827 0.001664588276011721 0.05406765659828273 0.0009269701025596237 0.01343085143697189 0.0009830902135663806 0.0001169197930366245 0.002365640551595261 0.01319118503477703 0.01328937984785003 0.02402775679574116 0.01437982975901757 0.00286460788076598 0.001072540418834907 0.0001169197930366245 0.00279142995022634 0.05832294219300131 0.03227791320430436 0.003100584545761447 0.0001169197930366245 0.0001169197930366245 0.02530810730301552 0.005661906941660297 1.926022960048368e-05 0.01265721772475463 0.00358176440939099 0.01100384199960703 0.006590855144545933 0.001209061757696543 0.001839131328659159 0.008366653718368627 0.01495085385829501 5.137435960676019e-05 0.01571409642634089 0.0009895194763698957 0.01887284205181148 0.0001169197930366245 0.0007125142617484324 0.0001169197930366245 0.0001169197930366245 0.001392157982351696 0.001046438071183737 0.07886552406805139 0.0130783173753508 0.01304680814315427 0.004846570989155219 0.0001744623285192981 0.004247544775278398 0.01967075815935494 0.007972492729152868 0.0003000401971567019 0.0004492959762481161 0.005689048254932976 0.001547601816122485 0.0003659181267403079 0.0004835428357789235 0.0001169197930366245 0.02422581205963398 0.001447415528618057 0.01242057693899441 0.009914527466859273 0.0109570595873879 0.019496724768755 7.229963614158792e-07 0.0002263891487752401 0.005044494119008621 0.000182768513047595 0.01109614802204912 0.002678235511385478 0.0223514590678859 0.03249293020966135 0.01126026538003533 0.0001169197930366245 0.0002376717844814585 0.0001169197930366245 0.008264119983135639 0.02396137628066352 0.0119892274622711 0.000109947163931212 0.0007562700515011886 0.0001169197930366245 0.007420563916465507 0.002121302685917424 0.0009111084607612601 0.01940436890483579 0.002636242675886869 0.008699492965210616 0.02543014044384084 6.221519345721205e-06 0.09583455235471228 0.01961077255170908 0.01700755047072842 0.001312059070023851 0.0001169197930366245 0.002058505696494545 0.0005888671100520429


