# Created by Octave 3.8.0, Fri May 02 19:24:38 2014 ART <jugutier@Jugumac.local>
# name: test_error
# type: matrix
# rows: 1
# columns: 400
 0.0001281827848212404 0.002842692027780924 0.0007845309371652798 0.000337672023906499 0.0005373579431819364 0.009106547845023245 0.002823796535073044 0.005832159736541396 0.002835770886049326 0.001654717128325242 0.09341888861907424 0.0008637815916894414 0.000214680318920257 0.002630188274943482 0.01335749021824694 0.0009774099764204357 0.005326895734639499 0.001754775205758825 0.006966366882718354 0.00463043909547522 0.003939461541839118 0.0003243727625323811 0.0002367414602527801 0.004801101133627945 5.531057631189274e-05 0.0008557758373054216 0.004368779090492102 3.378311480855878e-05 1.247624878781504e-05 0.0002801464878963881 0.0002378925343110379 0.0003574196946504795 0.00611467400545702 0.0003076601917868008 0.0152762435986093 0.0007602064003641457 0.00017568927619226 0.002765344249986122 2.361823896376969e-06 0.001009665815292287 0.008777207969214636 0.004708089387736435 0.0008106159996883341 0.0009462582925863116 0.004716175985804523 0.002818844093273673 0.002824115346947623 0.0004242069319889392 0.004511509948095836 6.346010735387869e-05 0.02487373702544006 0.0005060751737266334 0.003314430386094853 0.0003302877726410632 0.05574395129611896 0.001185966774178618 0.0172217622671292 0.0002101656064341602 0.0002961326725011724 0.001034814300349367 0.01113113420607826 0.001411355982427886 0.005664957230643032 0.00492138735047754 0.04169096837534408 0.0001235247085810536 0.002896717725602672 0.003923424066606807 0.004072269189109794 8.548635277323535e-05 4.39509553673959e-05 0.01444902327263032 0.01740865145044535 0.003292725333394533 0.01113829022976375 0.01804823412226235 0.001184559116977079 0.0001831001518680004 0.003640427718740806 0.01029996166822816 0.00553296018159246 0.03069564749613217 0.0001427354293129975 4.638670911444379e-05 0.0169337350094643 1.139946216933015e-05 0.0004031075280010032 0.003451649241786578 0.001282352130857978 0.01066160952290287 0.00394170819928676 0.01649112655181849 6.592258169322946e-05 0.0009893251906904351 0.01510935014698238 0.0004613922275235144 0.0001455957078794233 0.01046784518882904 0.002541126707419582 0.002657277122013305 0.0004344639081577258 0.01678182007779347 6.712010382029006e-05 0.0043198498947371 0.0001730455812542528 0.0004950241528199038 0.009022563484369986 0.003526963937637565 0.01174051429756963 0.003304192858588607 0.001367471409902858 0.001156138181144358 0.0002429764982953671 2.802706208673186e-05 0.0004727108232165382 0.0006777604035274801 0.001595329292874918 0.001520809741521781 0.0003619217039310409 0.001337100475302431 0.01606854228761245 6.560565003429046e-06 0.001053076277199823 0.0006624844183704208 0.005067057157338444 0.01649231227171 0.002051043511519162 0.001332040645000328 0.001528168983851379 0.0001365854536645796 0.004608979143351473 0.0003978120936239891 0.004928392986594751 0.0001531157565551923 0.00405090752990105 0.01425267512441117 0.00046099452568674 0.000890246592282247 0.01588814583073865 0.00250294635974608 0.0118523099676287 0.0008275386161720018 0.0001276407727525826 0.005983996567023767 0.007493206546103048 0.01688106407027579 0.006114973981577178 0.002071668747390013 0.01385627439604784 0.0007194159768130389 0.00240936776942991 0.001769172378051709 0.000352106572469479 8.909225581387615e-05 0.01022688331402248 0.004200113036120258 0.003150830762187576 0.001165465209221817 0.0002534959369773216 0.006158791372948299 0.0007744397915228953 0.01578976669851904 0.0004937349276747016 0.03729716698579484 7.276869678644437e-05 0.01699823042952816 4.794885935853065e-05 0.003522855170050913 0.000149140710236845 0.0003493447906751117 0.07209490562482501 0.01049224875146706 0.00863776847479634 0.0397616217495746 0.0004470048359805637 0.01313831478760448 3.710737883704945e-05 0.002467028763721009 2.297526880172626e-06 0.005530355761389921 0.02445458913652931 0.004740357981263641 0.009019646065842763 0.05202172708350938 0.003129614190967521 0.003141147125709697 0.005727295156071935 0.0006299605585080739 0.001062570153761516 0.02580097315921593 2.735596988179036e-07 0.00113293943425376 0.0002105798274311808 0.002533233705137711 0.01762030718523271 6.549842861204394e-05 0.0004184585691490306 0.0001374197802461914 0.004160225967805146 0.0004698408244986442 0.0006581630742682753 0.0001691594241043412 0.01644500059429332 0.001671857554954723 0.004149733096009872 0.04724370052719085 0.002487111299951713 0.002274058351933604 9.131715632354415e-05 0.01568204398728919 0.0002891883387965012 0.01219130577916131 0.002726842407187502 2.028794308380727e-05 7.662805314559651e-05 0.001371303585153441 0.003711220526336773 0.008301131350978765 0.005604315124759151 0.07977680529478934 0.001715582457315961 0.0001830765808899081 0.0008138563424605969 0.005877852123593926 0.04619057101409077 0.001933534745730663 0.003911917328529112 0.0007695050720470959 0.003312092790384177 0.01003689348455339 0.002371632989511468 0.002257866822771152 0.0003940235586572112 0.002476557649475941 0.00106392970488948 5.021339022249655e-05 0.003556889496056798 9.627731847571166e-06 0.006907967531452228 0.004652291702961644 0.001673833522676064 8.653292412811122e-07 0.001361603057273457 0.001176712038653736 0.003170907286778767 0.001820173275666324 0.01436816633542246 0.004037347249850932 0.002529390913622641 0.0004825315808253979 0.008251047904858855 0.0004350888377726231 0.002839447259753333 0.001050441760413712 0.01701343098243474 0.000287855589617392 0.0007528960922403197 0.0003819185164147129 0.009715772288578037 0.006764010885652862 0.003799091441818214 0.001340184044003559 2.904946536760798e-06 2.256011585673712e-05 0.002784564413999055 5.040217493148597e-05 1.934180762492957e-05 0.001999715360592605 0.0001124510207879874 0.003485016062341084 0.0008699332068040872 0.05435327273580549 0.00354245050546651 0.0002245269238347972 0.001469524323969543 0.006996949678489198 0.001997479229096684 0.001433629969956155 0.0002562839955711895 0.0005860613609427096 1.256440648783241e-05 0.005432555432895842 0.0002454823443911042 0.001174151899699385 0.0864121090605626 0.0004172115607422232 0.0007662897697585176 0.1098839514308549 0.01410831848058771 0.00984853383073055 0.05083984074562953 0.0008728050514983075 7.770751367077187e-05 0.001714543255651089 0.0006555603993332047 0.004026944803009848 0.008867339738619555 2.311550887872592e-05 0.002861734533686741 0.005639176141966826 0.01847941124969611 0.03637427109439662 6.395756542781198e-05 0.0003694145803170784 0.0002243990779320235 0.0005380905717089716 0.005380730079016417 0.002073572039372692 0.002417374551670598 0.005056468571923641 7.777086382209461e-05 0.004905667267596031 0.005099757171698112 2.44770521253191e-07 0.0002504087267887913 5.788200127922603e-05 0.01900326547405325 7.385271992947139e-05 0.04195510565543992 0.004791551001760079 0.0002908091606503133 0.01678717316814548 0.00031418969547648 0.000550990163003832 0.002002531971851055 0.004662444145852595 0.001131338940269361 0.001582279214210884 6.00210345583402e-08 0.0002949697470028756 0.003058693287030019 0.0140875451224827 0.001412866340955196 0.0002707173007179433 0.002043459774162718 8.306752090569691e-06 0.01012642615075028 0.0003155697067930259 0.004212799594617823 0.01354590292539331 0.005339018550080711 7.571126311057895e-05 0.001001626561790349 0.00234160703526568 0.0005172603488714027 0.000162008955404726 0.003230178319415581 0.0001039119139703491 0.006069362124651804 0.006159329346237497 0.02181264485832861 0.0007790487300771663 0.02149287424906824 0.01035987897165451 0.01706489708426096 0.005142106859984818 0.008681348787537593 0.0001205464189728031 0.001973318353553015 0.005802496793293565 0.0006719421841208729 0.001126594371716392 0.0001957392693516992 0.002244879616444593 0.0009228843929634819 0.005893784324970853 0.01493444108318871 4.526266658885347e-05 0.0007218255670865774 0.003895102992348136 0.0004339989130008001 0.004673041545459437 