# Created by Octave 3.8.0, Fri May 02 00:10:09 2014 ART <jugutier@Jugumac.local>
# name: MAX_EPOC
# type: scalar
500


# name: train_error
# type: matrix
# rows: 1
# columns: 500
 0.1567268771023029 0.1304172988112368 0.113517748725772 0.1076432504636347 0.1048574185193687 0.1023580223736923 0.09949584319326729 0.09625637071054305 0.09041816087460113 0.08294868406682626 0.07401612824573015 0.06407343942818626 0.05386545960899129 0.04403976411749139 0.03522443965042485 0.02896819823500528 0.02462625455320958 0.02153713081042492 0.01925278896465739 0.01756941735788294 0.01604423472255324 0.01488929206617254 0.01401888964250125 0.01336626576355148 0.01287937353077703 0.01266385291998966 0.01236942860776608 0.01215726377635255 0.01200283633921619 0.01188894147333034 0.01180376541616611 0.01192634786522886 0.01187063695542755 0.01183313631634249 0.01180389342181657 0.01178065215363677 0.01176178210528506 0.0117461254898362 0.01196644870153102 0.01194932962834131 0.01193991727501257 0.01193077845585169 0.01192207558126626 0.01191382048687414 0.0119059833115924 0.01217708939468166 0.01216659450769741 0.01215815028367663 0.01214969069071768 0.01214134080250237 0.0121332158308504 0.01212534263128818 0.01243671828158826 0.01243853467416482 0.01241659080997743 0.01240506952522898 0.01239481344244694 0.01238488910013328 0.01237525283215584 0.0123658673080418 0.01271045786393856 0.01273106236486634 0.01270016963222675 0.01268348992062988 0.01266957097443276 0.01265619936974368 0.01264319949444986 0.01263047769537937 0.0130069889982724 0.013038352820821 0.0129906412896297 0.01296441089806368 0.01294383368982399 0.01292472614916554 0.01290651722603654 0.01288892674254218 0.01330628835824888 0.01333534391587438 0.01325942200154207 0.01321536625189498 0.01318268135610542 0.01315396808092541 0.01312785590576719 0.01310365209481761 0.01363782266569188 0.01368331299933969 0.01357347490093802 0.01349914825163891 0.01343764070527523 0.01338302647219368 0.01333429023658865 0.01329082713380901 0.01402305313867658 0.0140413218192765 0.01389023782725976 0.01378384323934035 0.01369129903382796 0.01360828971196435 0.01353305599070232 0.01346480340785557 0.01427912794715565 0.01417990052057454 0.01405687765129027 0.01394456796765316 0.01384400342064216 0.01375201010599218 0.01366665446959174 0.01449680333448641 0.01429997823103406 0.01417490630344279 0.01406150450649447 0.01395851604646105 0.0138626430025477 0.0137720367968441 0.01459435184141196 0.01435275012991744 0.01422509611079364 0.01411154102163717 0.0140072942001879 0.01390908559030747 0.01381522890734197 0.01462946447057388 0.0144076630169266 0.01427075499381405 0.01415527916205372 0.01404866079290441 0.01394715597947784 0.01384910156539701 0.01375453390671291 0.01366559683258464 0.01358619794194188 0.0135198832422877 0.0134686144207097 0.01343289244460948 0.0134089056989141 0.01339080362774608 0.0133756183580262 0.01336206320907289 0.01334942794723317 0.01333730737666538 0.01332544545639238 0.01331367237917891 0.01330187143515038 0.01328996274720671 0.01327789429124909 0.01326563637471444 0.01325317757130155 0.01324052123369215 0.01322768225680359 0.01321468404200934 0.01320155572653747 0.01318832976360006 0.01317503991404651 0.01316171967002575 0.01314840109316004 0.01313511402227881 0.01312188559061632 0.01310873998784963 0.01309569840541966 0.01308277911116268 0.01306999760887064 0.01305736684821563 0.01304489745943777 0.01303259799476499 0.01302047516455886 0.01300853406074162 0.0129967783633603 0.01298521052842946 0.01297383195670258 0.01296264314396419 0.01295164381397727 0.01294083303549395 0.01293020932483627 0.01291977073554476 0.01290951493652015 0.01289943927998006 0.01288954086043319 0.01287981656575384 0.01287026312132267 0.01286087712809158 0.01285165509533107 0.01284259346872924 0.01283368865443102 0.0128249370395359 0.01281633500950842 0.0128078789629005 0.01279956532373562 0.01279139055186109 0.0127833511515369 0.01277544367849625 0.01276766474568292 0.0127600110278453 0.01275247926514407 0.01274506626591032 0.01273776890867406 0.01273058414356708 0.01272350899319138 0.01271654055303227 0.0127096759914849 0.01270291254955474 0.01269624754028335 0.0126896783479455 0.01268320242705631 0.0126768173012228 0.01267052056186904 0.01266430986686049 0.01265818293904953 0.01265213756476074 0.01264617159223256 0.01264028293002899 0.01263446954543325 0.01262872946283346 0.01262306076210912 0.0126174615770251 0.01261193009363987 0.01260646454873244 0.01260106322825238 0.01259572446579627 0.01259044664111336 0.01258522817864243 0.01258006754608157 0.01257496325299201 0.01256991384943706 0.0125649179246563 0.01255997410577558 0.01255508105655266 0.01255023747615834 0.01254544209799285 0.01254069368853672 0.01253599104623573 0.01253133300041927 0.01252671841025106 0.01252214616371164 0.01251761517661154 0.01251312439163425 0.01250867277740804 0.01250425932760564 0.01249988306007063 0.01249554301596968 0.01249123825896957 0.01248696787443808 0.01248273096866744 0.01247852666811977 0.0124743541186932 0.0124702124850079 0.01246610094971108 0.01246201871279991 0.01245796499096163 0.0124539390169299 0.01244994003885669 0.01244596731969868 0.01244202013661768 0.0124380977803939 0.01243419955485213 0.01243032477629914 0.01242647277297254 0.01242264288450002 0.01241883446136844 0.01241504686440255 0.01241127946425231 0.01240753164088886 0.01240380278310849 0.01240009228804406 0.01239639956068402 0.01239272401339821 0.01238906506547053 0.01238542214263811 0.01238179467663712 0.01237818210475459 0.01237458386938669 0.01237099941760338 0.01236742820071932 0.01236386967387135 0.01236032329560259 0.0123567885274537 0.01235326483356148 0.01234975168026505 0.01234624853572046 0.01234275486952423 0.01233927015234631 0.01233579385557348 0.01233232545096392 0.01232886441031413 0.01232541020513897 0.0123219623063665 0.01231852018404848 0.01231508330708841 0.01231165114298855 0.01230822315761755 0.01230479881500089 0.01230137757713586 0.01229795890383361 0.01229454225259025 0.01229112707848998 0.01228771283414251 0.01228429896965792 0.01228088493266195 0.01227747016835471 0.01227405411961628 0.01227063622716298 0.01226721592975727 0.01226379266447584 0.01226036586703904 0.0122569349722062 0.0122534994142406 0.01225005862744815 0.012246612046794 0.01224315910860116 0.0122396992513349 0.01223623191647705 0.01223275654949363 0.01222927260089946 0.01222577952742251 0.01222227679327105 0.01221876387150529 0.01221524024551573 0.01221170541060836 0.01220815887569742 0.01220460016510456 0.01220102882046254 0.01219744440272074 0.01219384649424773 0.01219023470102572 0.01218660865492933 0.01218296801608023 0.01217931247526671 0.01217564175641663 0.01217195561910874 0.01216825386110726 0.01216453632090114 0.01216080288022866 0.01215705346656547 0.01215328805555307 0.01214950667334247 0.01214570939882709 0.01214189636573707 0.01213806776456683 0.01213422384430713 0.01213036491395228 0.01212649134375383 0.012122603566193 0.01211870207664469 0.01211478743370836 0.01211086025918301 0.01210692123766663 0.01210297111576377 0.01209901070088859 0.0120950408596557 0.01209106251585538 0.01208707664801519 0.01208308428655513 0.0120790865105495 0.01207508444411355 0.01207107925243898 0.01206707213750745 0.01206306433351637 0.01205905710205527 0.01205505172707583 0.01205104950970081 0.01204705176292103 0.01204305980622987 0.01203907496024664 0.0120350985413798 0.01203113185657992 0.01202717619823097 0.01202323283922555 0.01201930302826671 0.01201538798543479 0.01201148889805347 0.01200760691688415 0.01200374315267261 0.01199989867306651 0.01199607449991658 0.01199227160696953 0.01198849091795441 0.01198473330506039 0.01198099958779828 0.01197729053223436 0.01197360685058123 0.01196994920112716 0.01196631818848267 0.01196271436412103 0.01195913822718739 0.01195559022555083 0.01195207075707191 0.01194858017105955 0.01194511876988985 0.01194168681076115 0.01193828450755991 0.01193491203281359 0.01193156951970772 0.01192825706414585 0.01192497472683363 