# Created by Octave 3.8.0, Fri May 02 00:10:09 2014 ART <jugutier@Jugumac.local>
# name: trainedNetwork
# type: cell
# rows: 4
# columns: 1
# name: <cell-element>
# type: matrix
# rows: 0
# columns: 0


# name: <cell-element>
# type: matrix
# rows: 4
# columns: 3
 0.08040564110068422 9.421405150384489 0.3560313920026418
 -0.4446901461817477 2.428893843506227 -0.007460842231663632
 -1.709694906914882 2.995644176614835 -0.009758017472400208
 1.949628444524338 3.282054638300723 -0.148929649676394


# name: <cell-element>
# type: matrix
# rows: 3
# columns: 5
 0.07682626850242363 -0.4650735272755763 1.425619566719291 1.711761154724395 1.873800470235178
 0.09037831487035414 -4.306144924098643 1.968597699966775 2.469257204573855 2.23337525780264
 0.1043819983253881 3.581602100401189 3.045551702210782 3.457563444982031 3.273163907936406


# name: <cell-element>
# type: matrix
# rows: 1
# columns: 4
 0.002688267633145794 -1.345778337426174 -0.9291892746332321 1.862917819832508





# name: hiddenUnitsPerLvl
# type: matrix
# rows: 1
# columns: 2
 4 3


