# Created by Octave 3.8.0, Tue Apr 29 15:50:07 2014 ART <jperezcu@Javiers-MacBook-Pro.local>
# name: trainedNetwork
# type: cell
# rows: 5
# columns: 1
# name: <cell-element>
# type: matrix
# rows: 0
# columns: 0


# name: <cell-element>
# type: matrix
# rows: 10
# columns: 3
 0.2230889393183956 -0.1117857247251279 0.2808323645843638
 0.03456430209906303 -0.4068611108042878 -0.4729653919333303
 -0.02658138996811515 0.4554774540727826 -0.233272980250803
 0.4227983669502442 0.3107984033561259 -0.03767170028098593
 0.3709503606031392 0.3088977683010354 0.04844207642274356
 0.1462410067604321 0.243294848947111 0.1645355173177208
 0.3625635470431037 -0.07843156338798613 0.1003011252016501
 0.3693913603486735 -0.09177947231626898 0.01337432359661961
 0.1123930378415869 -0.1098726002743943 0.01857874150497651
 0.288355200201155 -0.1449746619626399 -0.07795793686675884


# name: <cell-element>
# type: matrix
# rows: 20
# columns: 11
 -0.05769699887845697 -0.2362189024581081 0.2905755582623814 0.3094725245592995 0.2251763066785667 -0.1468896604339505 -0.0740391798236541 -0.1206610525606865 -0.1907162982654957 -0.2400501080908274 -0.1537947536427272
 0.2832069344722625 0.03835678511622986 0.2098700614883859 -0.3681984039077383 0.3237999901117565 -0.04358711483849959 -0.3747190249309746 0.08695911095072517 0.111374824831967 -0.2477446712663205 0.3029785543893547
 -0.02731563357248673 0.1527319558231391 0.114501679860414 -0.01714729750247374 -0.203387279874654 0.4536928347674188 0.3180936404326189 0.1410959418849674 -0.01064855201981779 0.09457368102791774 0.0166714231889965
 -0.09207567639277064 0.4510932179079071 -0.4275071146083039 -0.2953683066379425 0.05921142979429039 -0.1646998534001428 0.2924390325659454 -0.3371675183565676 -0.4915658821685783 -0.1005598156240974 0.3522048796165934
 -0.3996176080073926 -0.4682546628202356 0.2712360041814804 0.00593342734077773 0.03572319691157455 -0.1784100947417979 0.1736675803200374 -0.282250131479174 -0.2614690690412219 -0.2998929567354869 0.01275150293411742
 0.4687828146518164 -0.3128251449031663 0.09938538592665047 0.3237396882076186 0.3168668230662383 -0.2791583023967337 -0.3724492560532262 0.1217009640038035 0.1765345522211321 0.451963750801316 0.3834631910643262
 0.3654298772094953 -0.1174657170084568 0.1144326938423446 -0.3245160452932145 0.08663539711535362 0.3810452596138573 -0.3523104277176269 0.3783377910977034 -0.05736086637327603 0.4775365159256317 0.3750183358632319
 -0.452727492895695 -0.3630722072250975 0.1054099080216159 0.4417292508143794 -0.2307806427039956 -0.2695083773755632 0.4036723293222481 0.1226532100839506 0.1811418916514677 -0.141462088729763 -0.2710654021958867
 0.04830146651486822 0.1165619856856704 0.3847356144550396 0.3822061608116172 0.4213870012208917 0.4787657398174325 -0.01610543375173618 0.01160421735029216 0.2805699357363897 -0.07546342691783653 0.4980540206423297
 -0.4451996922860083 0.3046530792122623 -0.1759810366745273 -0.004322217421622476 -0.09395006498263608 0.2112882122986053 0.426569011429803 0.07030854576184842 -0.2858740350673074 -0.3722374894418257 0.4287214556197896
 0.2782082245105204 -0.260464779423556 0.4832960528205927 0.471264373600229 -0.06498054785411495 -0.3717093279280735 0.3717418508237904 -0.1914544679699285 -0.03839125898142809 -0.04470966214484701 0.2407814802477668
 0.3174512033335599 -0.1894773855060768 -0.2094878101987415 0.4177699749917033 -0.1801552961175547 -0.4995525775792626 0.4271662348304399 -0.2581581435225197 -0.1351574256464956 0.1258367356397219 0.2840540389114485
 0.4897558187698944 -0.334719186447409 0.1600306785482158 -0.2845653170274504 0.4080473890849322 -0.1470491868172916 0.0296183366635735 -0.1172522314059549 -0.2520217748807363 0.3784527477696881 0.01517897589234374
 0.3448299519988619 -0.2906245547074022 -0.4405532303863921 0.1919788511614245 -0.2792015949229982 0.4687155500877526 -0.09395319031743449 -0.222157546653644 0.2918006221164597 -0.09168053339070686 -0.06181566234357677
 -0.3038013645554397 -0.4763794513729795 0.1186605931966249 0.07967918649323324 -0.1661670677990958 0.03981157831678483 0.26491519064288 -0.4591050191069194 0.2716561812158212 0.2250672174566575 -0.01353343275101931
 -0.4272087108966443 -0.270194528488389 0.4632727006919359 -0.297816368259583 -0.4756908701484701 0.06070615059707907 -0.4525522435497146 0.3647929104859216 -0.2905027242326817 0.2595034273236952 0.1512874232894494
 -0.3509039527474136 -0.03150159040756922 0.2471493183215592 0.08359940801443 -0.009292962195420695 -0.2199998880533917 -0.3642858184170694 -0.3177309190230274 -0.145287392787783 -0.1101212345539637 0.4173758059285687
 0.4740386411803257 -0.3179685284789606 0.3104721060574032 0.2631294281916305 0.1857700140144544 0.09342641770434046 0.1359873515609218 -0.3853556080793029 0.4119600070758934 0.1343358556003608 -0.08877077572559772
 0.06279824189688732 0.05873370966054869 -0.3723064173392529 0.4292659675504191 -0.2894348609511638 -0.2327355403070393 0.3641861803920214 0.1881236033974109 -0.1491424083720573 -0.1063558456562384 0.08978025545724178
 0.4184221409203037 -0.4100697752258217 0.02835427326127837 0.45428709996882 0.3520948750050715 0.06248493600708882 0.3422833700607349 0.06083803383770336 0.233729720394409 -0.4399366212644693 0.4388481163934581


