# Created by Octave 3.8.0, Tue Apr 29 15:50:08 2014 ART <jugutier@Jugumac.local>
# name: trainedNetwork
# type: cell
# rows: 3
# columns: 1
# name: <cell-element>
# type: matrix
# rows: 0
# columns: 0


# name: <cell-element>
# type: matrix
# rows: 20
# columns: 3
 0.1748112390846844 0.2027951853346932 0.05785720813626072
 -0.1587638087974529 -0.118818212922737 0.2688857384910038
 -0.4203648716796279 0.2323918693769987 -0.04867993630153583
 0.2491104381779085 0.008496119555921333 -0.1475415316396122
 -0.3139966576271605 -0.1386486240622591 0.1751708625032745
 0.2207243290320982 0.1597299396289275 0.2824898664569835
 -0.4191906334727566 0.04922258310857808 -0.2748452722343602
 -0.2232625732793315 0.3602283768921052 -0.1702272501265724
 0.1149946169218695 0.1230431080949789 -0.4560109154993769
 0.1445188859242019 0.1599449223309515 0.02080121263605139
 -0.2176981663154098 -0.3171764561748164 -0.06054558384401948
 -0.2692562236968079 0.1672843498645812 0.4186408951188413
 -0.1064093414179026 0.2150897375174795 0.4574809307125159
 0.2027004705922982 0.3674600054489138 -0.4443141537808891
 -0.1272474557203183 -0.1678138273484553 -0.02695123844364417
 0.1037513562676454 -0.3259087396948069 -0.4005376171220867
 0.07123141775216202 0.4226355101515389 -0.4241887499287054
 -0.03894296851945872 -0.04229709431907497 0.4015013796158708
 0.3017419330128817 -0.46276009118098 -0.1545499594150757
 -0.1987063033376404 -0.08471713498929795 0.1708139295035799


# name: <cell-element>
# type: matrix
# rows: 1
# columns: 21
 0.1175620018331798 0.2736009934896103 -0.05468093429062443 0.2928593499818987 -0.370681512356779 0.2478423742179542 0.02450954198068944 -0.1529273671800729 -0.2020631450323808 -0.2101060366492677 0.2863459167341627 -0.1095031720749026 0.0717840350132215 0.4347399907223157 0.4133324870142974 -0.3812609164640785 0.3628765134942472 0.0348571745526054 -0.03311222758266258 0.403510527084649 0.04962896032720698





# name: hiddenUnitsPerLvl
# type: scalar
20


