# Created by Octave 3.8.0, Tue Apr 29 16:39:27 2014 ART <jugutier@Jugumac.local>
# name: MAX_EPOC
# type: scalar
500


# name: train_error
# type: matrix
# rows: 1
# columns: 500
 0.02293729127045866 0.05329320280848961 0.06010495894701242 0.06238886331550567 0.06545513703537896 0.06981227896335296 0.07390192709038003 0.07291942576995933 0.0595776740011409 0.03583852972866396 0.01588461301120178 0.00604762995663752 0.002242791174768349 0.000780464821079846 0.0002110326369229196 2.148280810125086e-05 8.939028025410601e-06 8.167830426496794e-05 0.0001941414436010467 0.0003227135415047742 0.0004552187165479217 0.0005857129353967931 0.0007116580717505735 0.0008323194767882012 0.000947850890827738 0.001058782049007746 0.001165744055117902 0.001269333192928158 0.001370052964558856 0.001468298289371326 0.001564360754003318 0.001658442961855168 0.001750675526704502 0.001841133469708143 0.001929850597689714 0.002016831423673042 0.002102060686120976 0.002185510743255484 0.002267147189630152 0.002346933037493213 0.002424831767069695 0.002500809500313884 0.00257483650341526 0.002646888179566361 0.002716945676972149 0.002784996207792956 0.002851033150863663 0.00291505599353967 0.002977070154801079 0.003037086721830167 0.003095122124860739 0.003151197769539622 0.003205339641847768 0.003257577897431084 0.003307946444722519 0.003356482529291444 0.003403226325304849 0.003448220538721803 0.003491510025800516 0.003533141429629413 0.003573162836663859 0.003611623454634649 0.003648573312676 0.003684062984083715 0.003718143331752773 0.003750865276040224 0.003782279584556768 0.003812436683194716 0.003841386487545885 0.003869178253750254 0.00389586044773293 0.003921480631731039 0.003946085366986144 0.003969720131461601 0.003992429251454415 0.004014255845989564 0.004035241782912957 0.004055427645642437 0.004074852709576166 0.004093554927210689 0.004111570921072519 0.004128935983621642 0.004145684083339905 0.004161847876273392 0.004177458722349964 0.004192546705848615 0.004207140659446046 0.004221268191314051 0.004234955714791106 0.004248228480190516 0.00426111060835331 0.004273625125589305 0.004285793999688014 0.004297638176712827 0.004309177618323881 0.004320431339403716 0.004331417445785668 0.00434215317190725 0.004352654918237492 0.004362938288341761 0.004373018125469141 0.004382908548563926 0.004392622987615521 0.004402174218277539 0.004411574395696308 0.004420835087502137 0.004429967305924881 0.004438981539005023 0.00444788778087892 0.004456695561124265 0.004465413973156435 0.004474051701674438 0.004482617049157139 0.004491117961416759 0.004499562052218546 0.00450795662698039 0.004516308705567086 0.004524625044197737 0.004532912156485734 0.004541176333632099 0.004549423663797007 0.004557660050670004 0.004565891231266347 0.004574122792973631 0.00458236018987313 0.004590608758364163 0.004598873732115069 0.004607160256368119 0.004615473401623662 0.004623818176729078 0.004632199541397318 0.004640622418180316 0.004649091703920282 0.00465761228070414 0.004666189026341578 0.004674826824390638 0.004683530573750887 0.0046923051978445 0.004701155653405917 0.004710086938895435 0.004719104102557286 0.004728212250135267 0.004737416552262705 0.004746722251538824 0.00475613466930393 0.004765659212123731 0.004775301377991269 0.004785066762254034 0.004794961063269798 0.004804990087795074 0.004815159756106754 0.004825476106853232 0.004835945301632014 0.004846573629285104 0.00485736750989927 0.004868333498498759 0.004879478288409825 0.004890808714272783 0.004902331754674679 0.004914054534367595 0.004925984326033202 0.004938128551546983 0.004950494782689943 0.004963090741246057 0.00497592429841839 0.004989003473484347 0.005002336431606304 0.00501593148069876 0.00502979706724779 0.005043941770963473 0.005058374298139252 0.00507310347357709 0.005088138230928642 0.005103487601289772 0.005119160699876409 0.005135166710595412 0.005151514868321319 0.005168214438672844 0.005185274695082155 0.005202704892941265 0.005220514240607372 0.005238711867049059 0.005257306785914281 0.005276307855812401 0.005295723736605005 0.005315562841521317 0.005335833284925743 0.005356542825594259 0.005377698805381837 0.00539930808319757 0.005421376964247386 0.005443911124546522 0.005466915530757019 0.005490394355462506 0.005514350888055216 0.00553878744147545 0.005563705255114599 0.00558910439426831 0.005614983646597757 0.00564134041614023 0.005668170615479255 0.005695468556763837 0.00572322684233627 0.005751436255794166 0.005780085654371059 0.005809161863574623 0.005838649575060071 0.005868531248749346 0.005898787020226325 0.005929394614437999 0.005960329266729772 0.005991563652210124 0.006023067824406036 0.00605480916411077 0.006086752339258085 0.006118859276569368 0.006151089145622516 0.006183398355884965 0.006215740567124753 0.006248066713494238 0.006280325041438796 0.006312461161447456 0.006344418113519936 0.006376136446084901 0.006407554307966303 0.00643860755286183 0.006469229855672707 0.006499352839907759 0.006528906215278027 0.006557817924509269 0.006586014298317521 0.006613420217436017 0.006639959280530243 0.006665553976820626 0.006690125862216227 0.006713595737784663 0.006735883829414448 0.006756909967585065 0.006776593766243638 0.006794854799889016 0.006811612778098492 0.006826787716886022 0.006840300106466956 0.006852071075211841 0.006862022549813892 0.006870077411959235 0.006876159652088079 0.00688019452115601 0.006882108681660421 0.006881830359570996 0.006879289499203287 0.006874417923487625 0.006867149502511497 0.006857420333628248 0.006845168936830962 0.006830336469455327 0.006812866964576221 0.006792707597682639 0.006769808986298218 0.006744125527145381 0.006715615775159113 0.006684242868115744 0.006649974999786447 0.006612785943321878 0.006572655624971402 0.006529570746220809 0.006483525449983578 0.006434522023617668 0.006382571628329004 0.006327695041041821 0.006269923391216971 0.006209298871562282 0.006145875398341522 0.00607971919431059 0.006010909265487657 0.005939537742272877 0.005865710056147827 0.005789544925483028 0.005711174127986043 0.005630742043011932 0.005548404954187253 0.005464330111272738 0.005378694559479239 0.005291683754023236 0.005203489986962045 0.005114310661656732 0.005024346457027635 0.004933799428589729 0.004842871095797572 0.004751760565324745 0.004660662737599324 0.004569766639450827 0.004479253919451183 0.004389297534937382 0.004300060651322086 0.004211695765667085 0.004124344058112932 0.004038134967047256 0.00395318597718753 0.003869602604260919 0.003787478555796885 0.003706896044715766 0.003627926230847805 0.003550629765097313 0.003475057411533753 0.003401250724048593 0.003329242756161211 0.003259058784920632 0.003190717032452229 0.003124229371394778 0.003059602003148581 0.00299683610040874 0.002935928407820083 0.002876871796716687 0.002819655771766667 0.002764266928925399 0.002710689365402661 0.002658905043385345 0.002608894110049289 0.002560635176959496 0.002514105562322648 0.002469281499759939 0.002426138317317765 0.002384650590380535 0.002344792271993588 0.002306536803890313 0.002269857211250455 0.002234726183920446 0.002201116146515149 0.002168999319508101 0.002138347773110756 0.002109133475447983 0.002081328336268073 0.002054904247177793 0.002029833119173617 0.002006086918047723 0.001983637698084267 0.00196245763432104 0.001942519053544319 0.00192379446409081 0.001906256584466897 0.001889878370743946 0.001874633042657923 0.001860494108318357 0.001847435387429325 0.001835431032920383 0.001824455550897293 0.001814483818833322 0.001805491101939297 0.001797453067669919 0.001790345798342347 0.001784145801863568 0.001778830020584288 0.001774375838310462 0.001770761085526551 0.001767964042893821 0.001765963443101826 0.001764738471163761 0.001764268763249813 0.001764534404165227 0.001765515923579172 0.001767194291116962 0.001769550910426785 0.001772567612334247 0.001776226647194628 0.001780510676551311 0.00178540276420431 0.001790886366791572 0.001796945323975431 0.001803563848327817 0.001810726514997706 0.001818418251239072 0.001826624325874234 0.001835330338757591 