# Created by Octave 3.8.0, Tue Apr 29 16:03:43 2014 ART <jugutier@Jugumac.local>
# name: test_error
# type: matrix
# rows: 1
# columns: 68
 0.02040214828414538 0.001277382726254664 0.09801131456197629 0.011675554558789 0.002209658832586765 0.02030981212000201 0.01605065578551487 0.009362991560514643 0.0002060006075034131 0.06930087950151512 0.01292393835035061 0.0179368951511086 0.01075210621627744 2.879031230707554e-05 0.005654189736774071 0.0005555260481054098 0.0005506088976744802 0.00183868784716458 0.009338921492865061 0.001745179068566278 0.002392100828355217 0.02122952614277381 0.01586966021130787 0.01089571760398752 0.03459255628740796 1.908225927505877e-06 0.0005885818593234962 1.930499337769843e-05 0.0005341256087751148 0.01302161319939867 0.2609155175681791 0.002342868513060336 0.0003756504270075801 0.00196196599812603 0.0005561725196154887 0.01309478875654815 0.001925743703190719 0.004942050095171313 0.01458583686095777 0.0002646721744993966 1.904649658867879e-07 0.0001380630681539463 0.002175288404151742 3.265712241047874e-05 8.815787264329124e-05 0.01406907583043098 0.002832161789303849 0.0003102547827897083 6.126094542047947e-05 0.0197101895208543 0.01579776873604229 0.01336650042749596 0.0009237702546939235 0.002870326397818431 6.047926748564161e-05 1.056676863092625e-05 0.0002901677066078796 0.00639935387053868 0.02182135839469202 2.811786719474406e-05 0.001782977817331541 0.02989579982993075 0.02457053947270983 0.0006565442331320975 0.003901763917012478 0.0002403674712645495 0.006312910952258491 0.0002489736762707626


