# Created by Octave 3.8.0, Fri May 02 18:29:52 2014 ART <jugutier@Jugumac.local>
# name: test_error
# type: matrix
# rows: 1
# columns: 400
 0.0002272676354303912 0.0002362155913382693 0.002260359487779702 0.004574981360506651 0.01691821257852042 0.009912130635409654 0.002701266086181975 0.003242079782156262 0.00107491091866684 0.002625122372624925 6.461827144510061e-05 0.001374312046261303 0.007574870221840824 0.01134850977653093 0.003516210497606993 0.006400979771663476 0.06923084209734282 0.009681852214871752 0.009238907779673549 0.005485077826738695 0.0001387633687125891 0.0006465333375214794 0.01238641795095124 0.000189549986849376 0.0040210898816137 0.03294377328641475 0.009909277169040949 0.004262312135996661 0.001463813214552607 0.001836983630495938 0.0003407552365392828 0.03947217935445831 0.002160715371332288 0.009232874681452037 0.01013770133450837 0.00267206565412642 0.004312634552034099 0.0009262458712081317 0.09301903020215727 0.001870676367051126 0.001501092884695975 0.0008337939265621707 9.274112468583606e-05 0.03930654500958444 0.01578316187246864 0.00238776191088236 0.005837601173888029 0.0004007600326322298 0.0008664804542908607 0.01993258568786888 0.02404681237535969 0.004158997714446555 0.0003449390704763688 0.003832841317625117 0.01515359360611034 0.001491689738440113 0.00537866104110043 0.005602046246916379 0.0003534807420830231 0.003327708563866318 0.01875302213820261 0.01293129331388784 0.00126764665515639 0.002212315736731848 0.2543636673363386 0.006707541759726503 0.004974841377061275 0.00367631509997721 0.002388640418552821 0.005728605542354486 8.936635696677246e-06 0.0007672815901311176 0.04633705756482669 0.009211493879294024 0.07808265833267367 0.05219433185851406 0.0003867992552235569 0.001154013690701588 0.003656630315912297 0.01267718385177005 0.001628485780538035 0.01264582224129644 0.0003904747230216378 0.004746116892651299 0.005089538512205719 0.006963584288118043 0.002787771557876564 0.004371478047939313 0.003690461023080046 0.002607804860385991 0.2005308880749152 0.004839508570599317 0.0002782926612981969 0.001935755035745312 0.004581303664214213 2.848489977136037e-05 0.003607641542661237 0.002610248323035935 0.0003232599639708002 0.0004890958560161172 0.0009005092965210115 0.005022130643975749 1.932193426909558e-05 0.004639942288317012 0.006954941469962242 0.003442381854016288 0.008041162852368449 0.01008645261758503 0.00507705048287924 0.005071238464475659 0.008057581547855266 1.466430644917289e-05 0.0006471271251597368 0.000144343933059167 0.001877584144228005 0.003280077004468926 0.006972251702167251 0.009350981741821375 0.004396098770983847 0.002047034412333207 0.0856772627047168 9.06936712197003e-06 0.001501007053549457 0.002193448464489548 0.001279879737727046 0.004840175236693719 0.009761603281199554 0.009121279536689049 0.0103778169891351 0.0007339857527060396 0.004723833426016222 0.003974920149023719 0.00988845149151334 0.002924851460944845 0.004852280913323135 0.02165367856440465 0.001707291335162572 0.007341609174790651 0.004681786647597162 0.01686554169032062 0.003681114047167723 0.005269213108211771 4.433916454613882e-05 0.001766539788640677 0.00333723539108703 0.01335258550098148 0.005487613299016484 0.005782330736468916 0.00358159616379527 0.06954491387740822 0.002592951638232133 0.00607421037835965 0.0004259806309478629 0.002801800475548494 0.002374491833421887 0.0008643848328148721 0.01169605876582535 0.001360506113960282 0.003182310657337661 0.002138776044650736 0.001260885262546631 0.004921082094352687 0.003301936773678887 0.05195179809802612 0.01073044377730879 0.005286248477620202 0.002816841197859629 0.0004246929573058169 0.005779207135678646 0.133564885871317 0.009919060994863444 0.01094981479976549 0.001975917134179993 0.052034103291122 0.003568381571387909 0.009291927138662172 0.005113394019994993 0.06447720868211367 1.255856075673232e-05 0.006516536825087263 0.03290643125890694 0.001732604802656663 0.0005220676295978435 0.1001720461226707 0.004130789085716246 0.0001797554169386849 0.001784866217883259 0.003554731433341744 0.003435925805319398 0.1445183784898717 0.001506751210604583 0.007067131022779767 7.017217471192237e-05 0.007403316350126571 0.005451527455940548 0.003044808365969759 0.0006067198467461536 0.00301411527295499 0.0006698142797987524 0.0251890954499745 0.0004400000915405826 0.0005340306791695368 0.005084915691270471 0.004522765090855576 0.0003959300957872279 0.1070975874251464 0.0001146605610895639 0.0006301619079058895 0.001104126541902448 0.004796535811665468 0.0006102981390323073 0.05520059213451837 0.0007258463118362352 0.003512681270195701 0.01088146437860386 0.003517424518054813 0.0001947420960554234 0.001332869716715472 0.002062270876851884 0.0007881204068190418 0.0004760631321205765 0.003284000949755882 1.201460134191548e-06 0.001893031314236302 0.05580527273650458 0.0005550298441875477 0.001090531043020028 0.01269787684589522 0.0001700047038232793 0.2160155556111845 0.005263100682648239 0.002634644730730929 0.003623193252875686 0.004823940063262318 0.001746352299010963 0.01144728465629274 0.001527821274077975 1.645472791211968e-05 0.01578977575885454 0.1505220767717666 0.01894697332574174 2.346488092714917e-05 0.023982294260454 5.196956219638625e-05 0.000626057910853062 0.007885952992345109 0.004090094946868327 0.001318935004507903 0.001394210951323743 0.00167759793259412 0.008850067182980407 0.003298132926817292 0.01028958972118958 0.06589843797820555 0.0008358496395754929 3.248620837053224e-06 0.01817062245934931 0.001954221811914975 0.09276418369453009 0.002440851134079919 0.002070052946688944 1.03600705156236e-06 0.006282381214983553 0.0001147268883419069 0.03224520770775613 0.0002716294581363618 0.0009099090397187455 0.00348910495930388 0.002645992604616502 0.009733442311082342 0.002145094406883278 0.06318820734003215 0.0005352496534794095 0.1364933043612217 0.0039042558072144 0.1460762274569081 9.34101350889555e-05 0.0007597848531261742 0.004437800093271121 0.008172937708755912 0.004055035791253171 0.002137819880418643 0.1225061051279796 0.2272127907423871 0.2874840402449573 0.008535366809982599 0.0001233491894247853 0.2986772756445574 0.004001846575270433 0.002310064064334134 0.038496917664543 0.001016092527168802 0.005187641215112625 0.002480869598136094 0.0188725073963291 0.001312946289977756 0.009576717580444214 0.002234097540018363 0.0002949747480825513 0.0005512793560386776 0.000769235598063425 0.1059854749357656 0.002086734776645361 0.01685632078421417 0.002052607953899596 0.001233815633944251 0.001530338923055149 9.257602685094076e-06 0.0006258670766140502 0.006542942037775006 0.002433130781541321 0.001712332697308688 0.0006601152269264959 0.01067900238967456 0.003331508596192275 0.05322735703065712 0.04018509693724757 0.0006640460985834426 0.04015013531410334 0.01183791647553219 0.0005505236229412815 0.005390391337287928 0.005169001266006085 0.006055864990180863 5.420488820413623e-05 0.006660455052408294 0.00871607386675949 0.02030428398556921 0.005191080047690869 0.00477579241818458 0.006694422921673884 0.003723160361234522 0.003966141188453003 0.01858245333962075 0.005044219889797029 0.002559669048540966 0.002421573034649072 0.006075130846390586 0.0006713062709197913 0.004426592183881796 0.0009146744828981278 0.005597934427622494 0.01566888662780187 1.184438352384614e-05 0.003891389916237332 0.004508656039209673 0.009493019566505792 0.0008478231233368154 0.002069174145568428 0.001727627888060833 0.2073134971641358 0.0001075643239602384 0.02904460816187746 0.005698893155588016 0.02125180122775356 0.001389810428754519 0.001749766613696044 0.004367729535755567 0.007678940813373064 0.001649776041472241 0.001005019073904843 0.01011917081976904 0.0001594836288807224 0.005396563637968999 0.02149087910789276 0.001904431806723304 0.2426497418998372 0.002204555421344566 0.003019524927772629 0.1041912672163292 0.005555656351764061 0.0008599103442813851 0.05336740935945206 0.002461671291669914 0.00381281828149757 0.0004847104584804072 0.01506118208923462 