# Created by Octave 3.8.0, Fri May 02 00:10:09 2014 ART <jugutier@Jugumac.local>
# name: test_error
# type: matrix
# rows: 1
# columns: 172
 0.0003904747230216329 0.006575323210790364 0.001017053263802407 0.0003904747230216329 0.00113579563568171 0.00191610007412214 0.005057385707610834 0.005299842414947827 0.003115657295439024 0.002541215981865501 0.006559843421654084 0.0601837226590042 0.005656584527526649 0.001834467705343442 0.002426644804400429 0.0003228357285746517 0.01349969179 0.009715290307645704 0.005474999529858427 0.1199490694412877 0.01535092705513852 0.007305373142801831 0.01163892376968652 0.1487444677229278 0.01283466381826141 0.0009018424170137766 0.00167024438042788 0.00417940477573033 7.301640369224607e-05 0.0006186958618697116 0.001996495691462057 0.008548681628750259 0.0003904747230216329 0.0006508083125881609 0.0005021822810647711 0.003108986409478802 0.01891479249559367 0.02570164343423391 0.001139222976458302 0.0003904747230216329 0.1184898007362009 0.01665286708430757 0.001314622963904452 0.0105906547201453 0.006431096406726042 0.08563629385269672 0.001100020478540176 0.001271388776703324 0.001118193294864851 0.01704133637303729 4.950736007823998e-05 0.001872829279551235 0.002264346978378471 0.001511679816391918 0.001505657040212096 0.005404988883882363 0.01066921399574117 0.006094604422439317 0.004059679293126874 0.0003904747230216329 0.0017286521761488 0.001805507877635591 0.01909794450309266 0.01253770220099081 0.006781777761816763 0.008620905069178 0.0003904747230216329 0.004275629818195878 0.004819614738627204 2.29895134832819e-05 0.007639406304471508 0.001855412398232464 0.004723628189664463 0.01388709781563389 0.001071480478078809 0.001583283392768922 0.001138297325900207 0.002153159333820673 0.04993964051074541 0.001385227630172516 0.009920479919767794 0.0002342753798243107 0.0003904747230216329 0.005068411879913607 0.002077799359716024 0.009712644871325468 0.01708053297723074 0.001954745857895355 0.00229096347978621 0.001520093110998193 0.0003904747230216329 0.003476079478471613 0.06451458411168493 0.03672044725381471 0.003192758184708001 0.0003904747230216329 0.0003904747230216329 0.008570687230274238 0.00554847344520596 0.0004524266205935159 0.001431516967497485 0.003168163723325338 0.007299847203593549 0.004488797928581935 0.0001246404899793023 0.0002262182077898163 0.008762209784128974 0.002654354027859863 0.001565116781267795 0.01110374542931976 0.0004678103659283889 0.01383838704845579 0.0003904747230216329 0.00157962429042316 0.0003904747230216329 0.0003904747230216329 0.0006317569881317447 0.006549087911674326 0.08465555936419078 0.008885431130275024 0.002643103153831873 0.005077648176846838 0.0001727304062549872 0.003729265738454017 0.004446326038276467 0.001167539431549975 0.0009933933169157336 0.0007400909183228034 0.003472017249127401 0.005353075463154385 0.0002392220157368285 0.0002823796335903438 0.0003904747230216329 0.0252312637516287 0.0002694938751007049 0.01195692435503811 0.006869391214700862 0.002337634971526281 0.02332600622712201 0.001040220187930458 0.001366860477539511 0.003195636173768736 0.00109139852568131 0.007278634274989522 0.005027515376995887 0.01515922079396373 0.02364568748364208 0.008153551054123968 0.0003904747230216329 1.920949757497613e-05 0.0003904747230216329 0.005254702808550264 0.01896751679354404 0.007973879837955682 3.324301689992672e-05 0.002243950919866584 0.0003904747230216329 0.004885220453366943 0.002071238434199652 0.0005243477933381799 0.014230573758996 0.004718295562756658 0.005302121698379285 0.03005176217891201 0.002510545985729475 0.1113441721491099 0.02332017328799931 0.01254341195687026 0.003117591847370723 0.0003904747230216329 0.002163881449643487 0.0003637689422110792


