# Created by Octave 3.8.0, Fri May 02 00:00:21 2014 ART <jugutier@Jugumac.local>
# name: test_error
# type: matrix
# rows: 1
# columns: 172
 7.858004142080157e-07 0.01387902765352165 0.001297814450064651 7.858004142080157e-07 0.002245152596157094 0.001790406690221415 0.002376023082885549 0.006306088668822203 0.001143723871559159 0.0007549813566594246 0.006077456664127858 0.07937432892128864 0.008052414259944907 0.003147090682132017 0.002486144909895 0.0003285940627024038 0.01957549796020871 0.009710790624967306 0.002051075993279059 0.1265096040319953 0.02559748447904492 0.01383391508694937 0.004508808308686263 0.1493811810614621 0.02160588736685462 0.00116351898037005 0.002941365865808128 0.001988370876342896 0.0001109636756189355 0.0005224433139220428 0.003571922624919795 0.007508981059123943 7.858004142080157e-07 1.267857419164165e-05 0.001908591068451298 0.00078630658863019 0.02330435135940302 0.02141819306541141 0.0008299460563874848 7.858004142080157e-07 0.1241959413383064 0.01232669369836472 0.00136675136981564 0.01106975212886672 0.00862737735876251 0.08591205202871875 0.0001313956497550842 0.001297508233318383 0.0007556541032149388 0.02316405718415172 0.0001604680444444595 0.0009724579710135632 0.006744216143531243 0.003415576586715251 0.009353849026316115 0.005667429283552245 0.01942004213706832 0.009663970557679971 0.004252086210708625 7.858004142080157e-07 0.002821571941363679 0.00156626604244751 0.01775444657952772 0.01002686591175605 0.009039850899750528 0.01391590496593596 7.858004142080157e-07 0.006147960539029948 0.003464845262383527 0.0001558561522956075 0.01353856427369211 0.001991993766456633 0.008532485346232559 0.01475196566142472 0.0006484215914160728 0.0003097112926917326 0.0001948379160267205 0.002463372313950794 0.05527837799842147 0.0003204216574874322 0.008809800675887724 0.0005192914661659279 7.858004142080157e-07 0.0058489301224403 0.000606126589783064 0.01414844977153299 0.02794587576244352 0.0006807028103160782 0.000657732246117097 0.0005241091870658208 7.858004142080157e-07 0.001292565384275805 0.07897366751787104 0.02499064454758043 0.003422304032821601 7.858004142080157e-07 7.858004142080157e-07 0.007559137787037918 0.003852297429094664 0.0004139563888687084 0.000472536954200624 0.002245067595122168 0.01596999551574798 0.008137748120463422 0.000823673836512192 0.001010325696694766 0.008440006794509269 0.0009017903668497409 0.001224430873415141 0.02130057923664375 7.536533813678105e-05 0.025079665291472 7.858004142080157e-07 8.155751008686523e-05 7.858004142080157e-07 7.858004142080157e-07 0.0008761138313727819 0.0008892955097818279 0.08074375662610773 0.007688330960647907 0.001065042109741632 0.004287374445125532 4.439329821307394e-05 0.003277823395921425 0.001969014939135496 0.0003132761013838545 0.0001575341904026438 0.0006265254780249218 0.009892784150157674 0.004997073423550914 6.048991795548915e-05 2.111741283903347e-05 7.858004142080157e-07 0.0260704606324087 4.959202336337906e-06 0.003341224921796096 0.01042643008132509 0.002290385302293397 0.009819061555905154 0.0007696773325190679 0.0006988249309255859 0.005840055024236464 0.002227709626786893 0.006466220809974208 0.003639142120068373 0.02509652586148373 0.03505037573167708 0.006475626674660967 7.858004142080157e-07 3.404594670624706e-05 7.858004142080157e-07 0.01293980097405086 0.01498129032949437 0.006814234014911073 0.0005306034226469486 0.00130170518384601 7.858004142080157e-07 0.00668160709028053 0.001064772338148711 0.000153853477712577 0.02059477816369543 0.001449886235697788 0.004520281106369918 0.02257938299205033 0.002557662555172006 0.1146712724741667 0.01043335655534586 0.0199891632678061 0.004781640822821798 7.858004142080157e-07 0.00175279568368645 5.418703013970485e-06


