# Created by Octave 3.8.0, Fri May 02 19:06:51 2014 ART <jugutier@Jugumac.local>
# name: test_error
# type: matrix
# rows: 1
# columns: 400
 0.0001019033659352853 2.909022015788979e-05 0.001635375277334434 0.003713345521332916 0.02769244216394151 0.01562199153743461 0.006097941558560851 0.002604289475358645 0.001458744902076918 0.0022268642726974 0.03684115083455361 0.0009923522004488259 0.006428595952399313 0.01159353712978896 0.001423253365841596 0.009953312399789927 0.05213813440974083 0.01068263151025423 0.009755528406856303 0.009466378713159539 5.97288637777905e-05 0.002297711195558008 0.02315716622496007 0.0001198409893255908 0.003532052524256166 0.03407943411508561 0.008470137965693562 0.003376608683407854 0.00279807491718646 0.006819490805552528 0.0001169199998933631 0.03387076388774644 0.0005899063520141367 0.01815853317860815 0.007433596160888524 0.003521594283814523 0.002542663427907834 7.132542120518884e-05 0.09596733773994016 0.004264841820714764 0.0003137434016427912 7.614821073073229e-05 0.0001497942878518814 0.0410696157686638 0.02917259028401066 0.00116453827337024 0.007101749416574924 0.0003414721670456524 0.002719772401605318 0.01952407667703117 0.0008675686847061699 0.005981572360941569 3.294321785971036e-06 0.002140938974901291 0.006073981226404097 0.0005308449668176994 0.002676435484445737 0.004667148237735789 0.001152003981138767 0.004996202348290281 0.0239554189409047 0.02384811830465239 0.0005204145194826189 0.003059186464200455 0.2567050749808774 0.005455344716087124 0.007363572688322184 0.007710937308801853 0.002858962809206923 0.004435664644097115 0.002622808669315472 0.003652963878428746 0.03275565536340626 0.004422188715845611 0.0885522490729477 0.04635229441626333 4.967892153251714e-06 0.002861959997634645 0.006280169520202579 0.0169558247141932 0.0003388886854883292 0.0424343775876831 7.858004142080157e-07 0.006375391553914011 0.002392467107099452 0.006314783022755679 0.004468141168092482 0.007902277624609181 0.004758411874488395 0.001061838334443879 0.2013023797489598 0.002221501109924516 0.0009314985556651879 0.0001382874436920272 0.002266408966365568 0.0002729111081436723 0.00210689962892476 0.0009819311184205825 9.57997671505288e-06 5.796948546324676e-05 0.0003222058836609996 0.002348512457683533 2.224242089428453e-05 0.008581652047529188 0.005731826100462139 0.003925255927591618 0.005085546273214272 0.01932582495588232 0.003045575240103312 0.006470123134841191 0.01533633276926996 0.0006033968526951237 0.001735732687953962 0.0006669522002283483 0.0008253811629154198 0.002807139910078499 0.01385095817592913 0.009784124919154157 0.004747238767950909 0.0015278546271649 0.09676375268700568 7.673287400245628e-06 0.001712744869379165 0.001291770451671814 0.0001995979654252961 0.002221953292793077 0.01818572901730609 0.009130374802559257 0.01535092477652337 0.002392922993041127 0.009770553190330846 0.004447756678531083 0.01859930901762959 0.005435837148290147 0.00861543690226484 0.0173532137379954 0.0007347227470012452 0.006733322540639216 0.002148594286694799 0.0239854530133054 0.001752799595841477 0.0127220165758037 0.000811674444291514 0.0004143570313465045 0.001853188568100459 0.01231747874630258 0.00457668970107268 0.01197781198071316 0.00142155472187767 0.07551531994259786 0.003401235965797111 0.006089917818709869 0.001664169346034607 0.002501336223886277 0.0009083712088608066 6.027011649689823e-05 0.01965618173499251 0.0005957112167381636 0.003243634938318796 0.0005801060338921975 0.001268558321458493 0.002492324690803643 0.001920154883433055 0.0002431617005557018 0.008101498282524816 0.00262529009309827 0.00196769013487632 1.573501566714167e-08 0.004983891798206602 0.09083385730058333 0.01080181371207027 0.008042196734138399 0.0007720216628680977 0.0002272182334053137 0.002057891916259019 0.006744220510704854 0.003832079523460714 0.1012331987145472 0.000445919186760153 0.00692209713983228 0.03397210518254729 0.0003773433194241119 0.0001639273798731833 0.09078238339669115 0.009765859617069246 4.069148554753832e-07 0.0004084850034413617 0.003185403301437096 0.005131950724196703 0.1823510902458071 0.003473424094386072 0.006679609419928221 0.001669454605196641 0.01261123737604203 0.002653722866245937 0.002132572047292124 0.0007200021067107679 0.006282983848186993 0.0005671886468921972 0.02682790855746279 0.002309588299230684 0.0002334877345428792 0.002527972104268117 0.006376583114638487 0.0009412762655126199 0.005842653242995058 3.409351354232328e-05 0.008667870323490246 0.002780138871757302 0.002283297132565029 0.0005471821642198946 0.06420983898174072 2.334184890620962e-05 0.002849115705754485 0.00828073858786613 0.00285991911933914 0.002145095390689591 0.0002436472523102198 0.0005366734285254226 0.0389310833222893 0.0002533219382653846 0.002301008117975143 0.000103323937402333 0.0004595631120824042 0.04192920410615907 0.0006171479337005013 0.0009769250194007451 0.02209560468980274 1.985786255047314e-05 0.2207710581195352 0.0055857674825717 0.001099506122390605 0.001985118098782687 0.01048562922635843 0.0007018445439343089 0.02142755799126309 0.001079899737267834 1.123176728858837e-05 0.02656705938241898 0.1560444494360479 0.01393833383421926 0.0004699516147643091 0.02149101013683907 1.217720946233718e-06 0.003660542361208719 0.01445735879760616 0.001892229970916987 0.00136938921614561 0.001046761588466895 0.00218656606781271 0.01492764630909452 0.004981262638976551 0.01055515979266538 0.0567028085730606 0.0001189844507425185 0.000151850776793398 0.02934789596764989 0.002842698118643968 0.04863856864859294 0.001538959936072101 0.001638367018804882 0.000169394932824682 0.004856822488721009 0.0007635770039085857 0.02657808762342252 0.0003608629586808245 0.0007278754477510913 0.003940353679531682 0.005071374835903517 0.01723539676929044 0.001577856723101893 0.06378129912041376 3.23284955961656e-06 0.1294230831713392 0.005676445134691936 0.1491786665333951 1.767014720137801e-06 0.001094458625500706 0.003396028112523981 0.0172498037532296 0.002720529981140445 0.0005773323459479227 0.1254375772007192 0.1364909072166083 0.2721694262223986 0.007535897694032716 0.0001156649977830162 0.25891555849559 0.001851137351371816 0.0006182923457600926 0.02877580673000162 0.0009529071025249384 0.003917462746614105 0.007089210482257296 0.01449311596421729 0.0001971069254493489 0.01529347076888711 0.004552382711969339 1.734517892227519e-05 1.365076159981954e-05 0.008876803313740097 0.009550250387800737 0.001650430022671828 0.02581399825550888 0.001502873929994317 0.0006821039324573002 0.0002962046610607217 0.0001082230268736483 8.743320792634365e-06 0.006715496765949483 0.004783267533691614 5.973757854099453e-05 6.04346574873991e-05 0.007479444108699908 0.001831062113187864 0.04555003401088106 0.02669407240381497 0.0007704682841680174 9.959710106758986e-05 0.02153117240177191 0.002127601298953013 0.002791754910459204 0.01053308348147341 0.005629131593773582 0.0001843381167500472 0.00680265631163921 0.01318979297649165 0.02937250117519372 0.003633122311204637 0.00385405500256197 0.009782858436148741 0.001516278170058689 0.005756199903143156 0.01352654912732402 0.007036280509152407 0.001812133077628026 0.0009681846454254889 4.663314712111954e-05 0.002033086462235674 0.002226940461251926 0.003623111384304508 0.004294286229047526 0.02611063140349321 0.0001990637767805826 0.003286781513002485 0.002690227323120855 0.01320642459655523 0.002427915753714233 0.0005448307015068001 0.0008918875658686939 0.2039340137150682 0.0009560886711203388 0.03002186247578273 0.003709920284016355 0.01357482971286187 0.0002374465867036218 0.0004868084878887099 0.003850657568117585 0.009216750009808438 0.000361156864278817 0.002880860206251576 0.01526052812466802 0.0001184601135738027 0.007443294837690895 0.03154873031393217 0.0004650497780104154 0.2454778914972144 0.004468365109451878 0.002494653483589472 0.08746336366791757 0.004910013767208413 7.975581434362104e-05 0.0252620957804281 0.002327256969806991 0.005601772158649126 0.0283704595025837 