# Created by Octave 3.8.0, Fri May 23 18:40:12 2014 ART <alexism@MacBook-Pro-de-Alexis.local>
# name: network
# type: cell
# rows: 4
# columns: 1
# name: <cell-element>
# type: matrix
# rows: 0
# columns: 0


# name: <cell-element>
# type: matrix
# rows: 4
# columns: 3
 -0.1261307310347921 -0.3476480819963666 -0.01283841478626019
 0.4583457230707095 0.4142714229496928 0.01482149879763062
 -0.123175591864681 0.3884633653283814 0.3885265568756626
 0.257165261608939 -0.08005518061571998 -0.1623985588712095


# name: <cell-element>
# type: matrix
# rows: 3
# columns: 5
 0.3445469761430197 0.07820713364870413 0.25951327089193 0.2643418773664572 -0.4506949239610287
 -0.1904957183974097 -0.02539650863141568 -0.4950249073744191 -0.2701719193918944 0.4417735243570253
 -0.3522225073947347 0.1628847300716975 -0.449072542617465 0.02814379241185305 -0.391288253381294


# name: <cell-element>
# type: matrix
# rows: 1
# columns: 4
 0.4220870180591572 -0.4838927575269803 -0.34635565056196 0.05344719253953578





# name: hiddenUnitsPerLvl
# type: matrix
# rows: 1
# columns: 2
 4 3


