# Created by Octave 3.8.0, Fri May 23 18:48:34 2014 ART <alexism@MacBook-Pro-de-Alexis.local>
# name: network
# type: cell
# rows: 4
# columns: 1
# name: <cell-element>
# type: matrix
# rows: 0
# columns: 0


# name: <cell-element>
# type: matrix
# rows: 4
# columns: 3
 0.3127745203632429 -0.3219973764059299 -0.334349856180558
 -0.1992783543174224 0.3470146651090388 0.4001368712387462
 0.04689024390083441 -0.3977955973451154 -0.496233000576796
 -0.01085473330833525 0.2590179670566194 0.1470280071517465


# name: <cell-element>
# type: matrix
# rows: 3
# columns: 5
 -0.02547263593430654 0.412649115811614 -0.4313664533832018 0.3093848912023113 -0.2226847970290276
 -0.3703317053425078 -0.1928029671034004 -0.4954689170540454 -0.08072983153440044 -0.326404900436563
 -0.1388338945446456 -0.06467604267877974 0.2204174737886697 -0.2722498021460623 -0.02607502758278862


# name: <cell-element>
# type: matrix
# rows: 1
# columns: 4
 0.02053400668865712 -0.3822720918064342 0.4722984350859553 0.1447017474906054





# name: hiddenUnitsPerLvl
# type: matrix
# rows: 1
# columns: 2
 4 3


