# Created by Octave 3.8.0, Fri May 02 00:05:39 2014 ART <alexism@MacBook-Pro-de-Alexis.local>
# name: MAX_EPOC
# type: scalar
2000


# name: train_error
# type: matrix
# rows: 1
# columns: 2000
 0.1453881891187672 0.1220620550425768 0.1113279713179806 0.1083320011032977 0.1066920952904815 0.1051249417481217 0.1033678509690667 0.1012995879516463 0.09880511644172227 0.09574369973206487 0.09194034613490477 0.08720217448762727 0.08137077391300233 0.07441053060776205 0.06651450843855659 0.05816911681638319 0.05006179366757454 0.04281264613185545 0.03674687383337707 0.03188325839939155 0.02806173637796758 0.02506908898665846 0.02270878100834979 0.02082455898464273 0.01930037993172224 0.01805228363924984 0.01701958929320392 0.01615785973686213 0.01543390037791373 0.01482237283440344 0.01430353244184072 0.01386170886246897 0.01348427174947244 0.01316091426125111 0.01288314634384917 0.01264392715682255 0.01243739033014264 0.01225863202697451 0.01210354275937385 0.01196867107970718 0.01185111170665054 0.0117484132072665 0.01165850175447336 0.01157961823623627 0.01151026644576373 0.01144917041346225 0.01139523922999514 0.01134753797720985 0.01130526362812263 0.01126772499189151 0.01123432596087304 0.01120455146477642 0.01117795565500678 0.01115415193535181 0.01113280452819856 0.01111362132290352 0.01109634779840283 0.01108076184845419 0.01106666936716323 0.01105390047624554 0.01104230629497693 0.01103175616987012 0.01102213529444727 0.01101334266056912 0.01100528929203497 0.01099789671890278 0.01099109565745471 0.01098482486616073 0.01097903015254639 0.01097366350969322 0.01096868236431132 0.01096404892102519 0.01095972958978562 0.01095569448523587 0.01095191698847547 0.01094837336302914 0.01094504241798267 0.01094190521222618 0.01093894479457553 0.01093614597525031 0.01093349512478971 0.01093097999700367 0.01092858957299906 0.01092631392370093 0.01092414408861637 0.01092207196887231 0.01092009023280314 0.010918192232578 0.01091637193054223 0.01091462383410957 0.01091294293818299 0.01091132467420542 0.01090976486505029 0.01090825968505662 0.01090680562459708 0.01090539945864062 0.01090403821883627 0.01090271916870108 0.01090143978154526 0.01090019772081209 0.01089899082254828 0.01089781707975514 0.01089667462840067 0.01089556173489939 0.0108944767848898 0.01089341827315987 0.01089238479458936 0.01089137503599289 0.01089038776876241 0.01088942184221923 0.0108884761775971 0.01088754976258687 0.01088664164638164 0.01088575093516877 0.01088487678802114 0.01088401841314585 0.01088317506445368 0.01088234603841612 0.01088153067118182 0.01088072833592622 0.01087993844041223 0.01087916042474144 0.01087839375927831 0.01087763794273113 0.01087689250037585 0.01087615698240986 0.01087543096242456 0.01087471403598635 0.01087400581931725 0.01087330594806662 0.01087261407616674 0.01087192987476548 0.01087125303123032 0.0108705832482176 0.01086992024280292 0.01086926374566724 0.01086861350033529 0.01086796926246206 0.01086733079916416 0.01086669788839276 0.01086607031834535 0.0108654478869134 0.01086483040116385 0.0108642176768517 0.01086360953796204 0.01086300581627934 0.01086240635098215 0.01086181098826179 0.01086121958096342 0.01086063198824775 0.01086004807527259 0.01085946771289254 0.01085889077737599 0.01085831715013804 0.01085774671748878 0.01085717937039547 0.01085661500425819 0.01085605351869792 0.01085549481735634 0.01085493880770667 0.01085438540087482 0.01085383451147021 0.01085328605742599 0.01085273995984749 0.01085219614286905 0.01085165453351834 0.01085111506158782 0.01085057765951308 0.01085004226225734 0.01084950880720208 0.01084897723404329 0.01084844748469286 0.01084791950318533 0.01084739323558893 0.01084686862992144 0.01084634563607002 0.01084582420571511 0.01084530429225803 0.01084478585075218 0.01084426883783744 0.01084375321167785 0.01084323893190226 0.01084272595954773 0.01084221425700565 0.01084170378797029 0.01084119451738991 0.01084068641141996 0.01084017943737849 0.01083967356370349 0.01083916875991242 0.01083866499656314 0.01083816224521694 0.01083766047840299 0.01083715966958443 0.01083665979312581 0.0108361608242622 0.01083566273906925 0.01083516551443478 0.01083466912803156 0.01083417355829102 0.01083367878437826 0.01083318478616803 0.01083269154422159 0.01083219903976466 0.01083170725466607 0.01083121617141751 0.01083072577311376 0.01083023604343401 0.01082974696662368 0.01082925852747705 0.01082877071132052 0.01082828350399656 0.01082779689184808 0.01082731086170367 0.01082682540086319 0.01082634049708388 0.01082585613856709 0.01082537231394541 0.01082488901227031 0.01082440622300013 0.01082392393598865 0.01082344214147387 0.01082296083006735 0.01082247999274382 0.01082199962083115 0.01082151970600068 0.0108210402402579 0.0108205612159334 0.01082008262567413 0.01081960446243488 0.01081912671947024 0.01081864939032655 0.01081817246883432 0.01081769594910069 0.01081721982550242 0.01081674409267872 0.01081626874552463 0.0108157937791844 0.01081531918904512 0.01081484497073062 0.01081437112009545 0.01081389763321897 0.01081342450639988 0.01081295173615055 0.01081247931919181 0.01081200725244773 0.01081153553304054 0.01081106415828575 0.01081059312568738 0.01081012243293327 0.0108096520778906 0.01080918205860144 0.01080871237327847 0.01080824302030074 0.01080777399820963 0.01080730530570483 0.01080683694164046 0.01080636890502124 0.01080590119499879 0.01080543381086803 0.01080496675206352 0.01080450001815615 0.01080403360884958 0.01080356752397709 0.01080310176349815 0.01080263632749537 0.0108021712161713 0.01080170642984545 0.01080124196895121 0.01080077783403297 0.01080031402574321 0.01079985054483968 0.01079938739218266 0.01079892456873214 0.01079846207554527 0.01079799991377361 0.01079753808466064 0.01079707658953914 0.01079661542982878 0.01079615460703355 0.01079569412273946 0.01079523397861206 0.01079477417639416 0.0107943147179035 0.01079385560503044 0.01079339683973583 0.01079293842404865 0.01079248036006397 0.0107920226499407 0.01079156529589959 0.010791108300221 0.01079065166524297 0.01079019539335913 0.01078973948701668 0.01078928394871444 0.01078882878100094 0.01078837398647241 0.01078791956777087 0.01078746552758239 0.01078701186863507 0.0107865585936973 0.01078610570557593 0.01078565320711445 0.01078520110119129 0.01078474939071802 0.01078429807863764 0.01078384716792289 0.01078339666157456 0.01078294656261983 0.01078249687411057 0.01078204759912188 0.01078159874075027 0.01078115030211231 0.01078070228634281 0.01078025469659352 0.01077980753603145 0.01077936080783743 0.01077891451520459 0.01077846866133693 0.01077802324944783 0.01077757828275867 0.01077713376449736 0.01077668969789701 0.01077624608619451 0.01077580293262918 0.01077536024044151 0.01077491801287168 0.01077447625315846 0.0107740349645378 0.0107735941502416 0.01077315381349648 0.01077271395752257 0.01077227458553228 0.01077183570072912 0.01077139730630659 0.01077095940544694 0.01077052200132015 0.01077008509708273 0.01076964869587669 0.01076921280082847 0.01076877741504787 0.01076834254162703 0.01076790818363948 0.01076747434413901 0.01076704102615888 0.01076660823271074 0.01076617596678376 0.01076574423134372 0.01076531302933211 0.01076488236366525 0.01076445223723348 0.01076402265290032 0.01076359361350163 0.01076316512184488 0.01076273718070834 0.01076230979284038 0.01076188296095867 0.01076145668774954 0.01076103097586734 0.01076060582793363 0.01076018124653666 0.01075975723423075 0.01075933379353558 0.01075891092693571 0.01075848863688003 0.01075806692578115 0.01075764579601487 0.01075722524991976 0.01075680528979664 0.0107563859179081 0.0107559671364781 0.01075554894769151 0.01075513135369376 0.01075471435659038 0.01075429795844675 0.01075388216128766 0.01075346696709704 0.01075305237781768 0.01075263839535084 0.01075222502155614 0.01075181225825119 0.01075140010721142 0.01075098857016989 0.01075057764881703 0.01075016734480055 0.01074975765972524 0.01074934859515285 0.01074894015260196 0.0107485323335479 0.01074812513942269 0.0107477185716149 