# Created by Octave 3.8.0, Fri May 02 00:05:39 2014 ART <alexism@MacBook-Pro-de-Alexis.local>
# name: test_error
# type: matrix
# rows: 1
# columns: 172
 7.370980612037495e-08 0.009686409458523977 0.001093576789255877 7.370980612037495e-08 0.001501529966084179 0.001915680271207776 0.0007078579350264089 0.005841167257173189 0.0001689234454610515 0.0009170149952828627 0.007609976450679289 0.08330152098275578 0.006896197169062591 0.003115051101022139 0.004091002097769141 4.79816566678117e-06 0.01616999253393456 0.01034517499288036 0.00332166527025052 0.1150072358100914 0.01980497630752144 0.008901202906282589 0.007723951357293673 0.1455996057353253 0.01524249259746678 0.002841764681017453 0.002975347992920836 0.0003661452598222549 0.0006552566705961872 1.672600950183186e-05 0.004606483709877707 0.008786065468884737 7.370980612037495e-08 5.2730472771363e-06 0.001454796104333091 0.0005461111115928819 0.02155360309698599 0.02247979243418928 0.0003865292203974161 7.370980612037495e-08 0.1216283125408111 0.01147426197490261 0.0004450734135854905 0.009152196592666584 0.007559263448035852 0.08003974595903576 6.435661904355594e-06 0.001323471101598418 0.0009116634279740205 0.02054211810458985 6.836392861955775e-05 4.678700649749729e-05 0.004305727646826948 0.00364733897684225 0.009226011707905296 0.008119093333455349 0.01313254198685438 0.007885985853341678 0.00401790582797801 7.370980612037495e-08 0.002046006771189753 0.002835976552770947 0.01754267090681153 0.009191593561988107 0.005943920221543445 0.009610314295503162 7.370980612037495e-08 0.004963432611232863 0.005412900828202804 0.0005637605422432173 0.01046823034535155 0.003686231724587118 0.006617509482985565 0.01495000485131447 9.631526740917651e-06 8.845120130073594e-05 0.0003599226651795171 0.001496887676067276 0.05328210166801644 0.0003897106295561824 0.007609458886725204 7.504342451502313e-05 7.370980612037495e-08 0.005188972931699743 3.952589820288046e-05 0.01026233579495262 0.02033394612634907 3.874533660449044e-07 0.0002962270615251368 0.001790045954506793 7.370980612037495e-08 0.001517630051541638 0.0837717303485499 0.02863091089413695 0.003278678934962529 7.370980612037495e-08 7.370980612037495e-08 0.004203457355771371 0.006097362875475075 1.091363672889758e-07 1.215237654631748e-05 0.00313222467270054 0.01101663840812525 0.00630952390327537 0.000196154334079325 0.001799054937117122 0.009227500021061192 0.0001111752661807085 0.00242842286670434 0.01550127874698424 0.0003414494114804086 0.0187178426327744 7.370980612037495e-08 0.00050760889442604 7.370980612037495e-08 7.370980612037495e-08 0.002422680925478763 0.00232474351865633 0.07770719534241741 0.007936795227384436 0.0003619098127989532 0.005098801320372424 0.0001125617080459499 0.004543366320422311 0.0005080255229711721 8.28612171944101e-05 0.0003935222514843648 0.0003155948814785548 0.006255580568466854 0.006945334508514746 0.0002095701771439532 0.0001684188869288709 7.370980612037495e-08 0.02572921567905471 0.0001120470272086834 0.006140984226762563 0.007156170817830756 0.0009111060606573854 0.0148422330166046 0.001780116383272602 0.00186768404081422 0.004553407231091339 0.002609968209524561 0.006674100368568069 0.005819490730909454 0.01810864607619762 0.02723572223923794 0.005580409140295392 7.370980612037495e-08 1.397095810875718e-05 7.370980612037495e-08 0.008551323515856277 0.01775638916424779 0.007077439792858833 0.000439963461081378 0.002805369790947798 7.370980612037495e-08 0.004503080528860709 0.002448285618590393 0.0004199816504583726 0.01691929098526026 0.002739675231220452 0.004774904556462419 0.0250300025838572 0.004149792620476486 0.1103800169582508 0.01516002254497786 0.01437281541241349 0.003754213689016125 7.370980612037495e-08 0.002158341783736708 0.0001148954875687361


