# Created by Octave 3.8.0, Fri May 02 00:05:39 2014 ART <alexism@MacBook-Pro-de-Alexis.local>
# name: trainedNetwork
# type: cell
# rows: 4
# columns: 1
# name: <cell-element>
# type: matrix
# rows: 0
# columns: 0


# name: <cell-element>
# type: matrix
# rows: 4
# columns: 3
 -0.287879285261144 5.178807217441111 0.1598927586264618
 -0.9653209562655304 1.915001851204733 0.03955244846564719
 -0.500569635254277 1.768667395865796 -0.01253585120677392
 1.285284000492374 2.01126359839412 -0.08253131840074351


# name: <cell-element>
# type: matrix
# rows: 3
# columns: 5
 -0.8279763225841573 -0.6084739301006359 1.814731560240048 1.420551776413657 0.5422097360087547
 0.5904613419951636 0.180156714336354 0.4330445156418085 0.7798291445916081 1.784122695285159
 0.04894058102319638 4.87125841669597 2.175546109403702 2.781475374196002 4.123392483647223


# name: <cell-element>
# type: matrix
# rows: 1
# columns: 4
 -0.1681494948406418 -1.986173227365817 -2.237961453519103 2.92907123291857





# name: hiddenUnitsPerLvl
# type: matrix
# rows: 1
# columns: 2
 4 3


