# Created by Octave 3.8.0, Fri May 02 00:30:06 2014 ART <alexism@MacBook-Pro-de-Alexis.local>
# name: test_error
# type: matrix
# rows: 1
# columns: 172
 0.01079826518730376 0.0002243011021774123 0.0002187525004539537 0.01079826518730376 0.002488360560201689 0.005180223367901899 1.692308190572525e-05 0.0003743950661132241 9.553430352431244e-05 0.004131130174280548 0.0002470762174175961 0.01614099420975251 0.0004013497026423171 0.004259046389602669 0.00194789703541814 0.0002708648477043861 0.0008036755300535239 0.0008643424004649428 0.00729167900532848 0.003109373288597869 0.0006373731248323499 0.0002941384853722289 0.001083016950784938 0.01174129770089295 0.0005708657257354495 0.002208819875986477 0.004201780891386541 2.55309284505857e-06 0.00216132971237586 1.097142741449244e-05 0.0005461888968479488 0.0001358182087667442 0.01079826518730376 0.0002754637075277504 4.815342225273557e-06 0.000211754938099954 0.00586308315547976 0.003423803889034792 0.0005054067856613593 0.01079826518730376 0.002104065034149006 1.445028396445984e-05 0.0001442853649824813 0.0006774313440978755 0.0004503802320520945 0.0002127342446281977 0.000329493618137264 0.0004140490872851868 0.000146228967643113 0.002462862504869187 0.001013669018205759 3.220816885706726e-06 1.462705353037338e-05 0.0002685142154944174 0.0008742863200785452 0.00377432258375267 0.0001339017291803426 0.0003857664887807741 2.504079412236297e-05 0.01079826518730376 0.001644536804948531 0.0008361678860674104 0.001194666180473674 0.0001257030566243081 0.0008584442891104855 0.0007481432340012855 0.01079826518730376 0.002802223012604018 1.259872308083191e-05 0.001924867268864007 0.000341168464577677 0.002230354948655006 0.0002169515219914946 0.003832446524199747 3.449378947686844e-06 0.0005250070602937289 0.004968816421691891 0.0008451462523566306 0.0005621278671094183 0.004548006777585298 0.0004490765785543185 5.837546471545549e-05 0.01079826518730376 0.0001778998614300904 0.0002744542234674121 0.0009459832976663861 0.0001947696733253275 0.0002044282060382498 0.0009133897290139302 2.910673509915337e-06 0.01079826518730376 0.005287857074965596 0.01244781017896617 0.01088707099373232 0.005885226026793029 0.01079826518730376 0.01079826518730376 0.003043513186243012 8.296048789389432e-08 0.000382192696756841 0.0002539075798471816 1.358272120127482e-06 6.542734057695468e-05 0.0002033029920024139 0.03084415473025608 0.003633564732789142 0.0005330955299539194 0.000153019728947264 0.000660281165054691 6.521887857071764e-05 0.00239170182294608 2.488970920973164e-05 0.01079826518730376 0.002027399411932023 0.01079826518730376 0.01079826518730376 0.00196965794631116 0.04614837288365174 5.87594477492485e-07 3.985015566990852e-05 1.779359943379943e-05 3.628257488077241e-05 0.0005892742442530882 0.0001886052946591572 2.98411041102366e-09 0.0001915505032191449 0.001222897140338788 0.001310662223738643 4.484414969453999e-05 0.0004672019147046878 0.0001625666132503905 2.841315290362175e-05 0.01079826518730376 0.01087771604715831 0.0009189447243561712 0.001071792123886529 0.0007369558655276955 8.543381540210007e-05 0.02625533289174312 0.0008021483851556227 0.0002419271346777571 0.0001342029068968773 0.004144951736794578 0.0001337531759441124 6.739106649918895e-06 5.70189802013498e-06 6.483921852803614e-05 0.0004306633202653118 0.01079826518730376 2.978508099038332e-05 0.01079826518730376 5.196234249974191e-05 0.001007109300446865 4.111111581506629e-05 0.004364932369363148 6.713096618754164e-05 0.01079826518730376 0.00065649452739784 3.295067257501335e-06 0.00303185046473433 0.000794602666858921 0.005675475722204367 0.0001452846381195494 0.0007579966804611154 0.001873866833515698 0.01378954057457624 0.02412154490816598 0.0008742729779780882 0.003068365592211999 0.01079826518730376 4.045763623269696e-05 5.677821671856085e-05


