# Created by Octave 3.8.0, Fri May 02 19:40:45 2014 ART <jugutier@Jugumac.local>
# name: test_error
# type: matrix
# rows: 1
# columns: 400
 0.0001194357672864272 0.0003598767039686725 0.002453391901603595 0.00471248365830962 0.01901745325203142 0.01079564713394767 0.003189352637990469 0.01364005441868452 0.002329574638621085 0.00393699395743274 0.008040748896059782 0.002560188732847584 0.009883755046021974 0.009634890448388693 0.01691999903492181 0.006688606491868841 0.06684134672970017 0.01287468152993682 0.01812727582384987 0.005940557472992893 0.005983384786512448 0.0007461144338121849 0.0141848398243756 8.516334479069621e-05 0.00137015902962939 0.02772620570053789 0.007293613219048116 0.002001949304792978 0.0001182058933925103 0.002217190087289609 0.000502027122283489 0.03244001064011552 0.002633895746264562 0.01168134445535308 0.01969637390351565 0.002209062435418983 0.003989939979773496 0.001099169325083805 0.08307711097630753 0.001951594147772016 0.01170407857920602 0.0009922925969562053 0.0001281409562968403 0.0332826566273878 0.01772781669932205 0.004208610833041391 0.008321246339412381 0.004899490759585443 0.001372998082950852 0.01620334227836731 0.05647216646059938 0.00224532213725209 0.0004665701907872837 0.003293273777698436 0.02536253855561488 0.0009395200898272674 0.02213752498793974 0.005690343989088622 0.001013819379521014 0.0004611664652765466 0.02211877387163851 0.01424861048370316 0.01085312373569729 0.00381830478658275 0.2353705658965156 0.007056878526630452 0.005567106299710307 0.006062140270183734 0.06014621278703228 0.006044071169731896 0.0002097359207762098 0.006275469980403636 0.04339612897791236 0.006185914392440478 0.07458638540325313 0.05528864623879328 0.0004083541572671856 0.001255971914616193 0.00428370832807893 0.0153699818181917 0.002045412608538256 0.003580065348500175 8.43089072441476e-05 0.003068418276435031 0.02116313032947283 0.008668569977608953 3.752612870666325e-05 0.004703837393353802 0.00324098394782376 0.01560321938414882 0.187803411176126 0.02069760686469994 9.118506703501493e-10 0.001553655335381027 0.02033780988588245 3.858845237825887e-05 0.003555895916945239 0.01361124272424869 0.004264152799910628 0.004422326600119055 0.00100603215789485 0.02095814481236305 0.001571698939155117 0.005189910037576307 0.007276092812121006 0.002735058091307684 0.005445374594007807 0.01094223269961663 0.0152242936404799 0.007445505086683838 0.01107893461441047 1.068872891777625e-07 0.0009228420825526464 0.0001293014680085908 0.001810125006063145 0.003274144711668391 0.009783154263037648 0.01225172677565206 0.003681098111814345 0.003484622333049247 0.09440138014600934 0.0002213961008580348 0.0001385659678467031 0.0009629343888982456 0.001635280633850121 0.02069883716922093 0.01182747791619363 0.01179868580506729 0.01119380114081633 0.0007116804987788116 0.005402864113438211 0.003217935060727509 0.01071721673910888 0.002830118502116556 0.005268625328471248 0.02559135627329152 0.001684407994747967 0.00978251074728043 0.01981575057487074 0.01807885218724857 0.0151958021266609 0.005958754048660082 2.834036327212893e-05 0.002182860286694955 0.01042204387672448 0.0301955022781545 0.003599376608732691 0.00842661979856253 0.01756821822864042 0.06740108180490151 0.002188405494244411 0.008370918496413459 0.0003305708114099975 0.0005554790849733477 0.01504007848727995 0.001159159969651574 0.01546692855971868 0.0005285052208800647 0.003723854151542725 0.0026136958880099 0.006443937720590533 0.02107074521331145 0.002202589312139884 0.03993923423768325 0.01214822902609141 0.02194696525107973 0.00311249787406657 0.0005662885543762516 0.007646382896583142 0.1037071563735352 0.0160299013604245 0.0157183806897571 0.01364901847931341 0.03732301738415725 0.002574343697975603 0.01743201635374905 0.005500224696117773 0.08915067634190568 1.377694729432391e-07 0.001133114730265522 0.04919357234420184 0.00208707991800006 0.0001284010775017934 0.1058079327531967 0.004698366922411623 0.006894778487065071 0.002223095880630461 0.003447980163877401 0.0004644901424813465 0.1803275414853305 0.001335483619331437 0.009483577103034406 0.0001670478157708477 0.0107200311884539 0.02216486437807591 0.003367220821160019 0.00064126782495232 0.003529895894768423 0.001572812651189008 0.02018262028981187 0.0006581144534855148 0.0006361618717628177 0.02150643420849957 0.00441665462883032 0.001573059506024427 0.2245929966581567 1.214664415746084e-05 0.0004620519019765642 0.001069873847257302 0.0195055415555346 0.000115289931635109 0.06157073546499527 0.0009301194768172168 0.001299350638153149 0.01235068496569191 0.005316245601577629 0.0008482884512572873 0.01115205788163398 0.002493514399592959 0.01215574149842385 0.0005749542721320714 0.003622692335313165 0.003903815767208015 0.002344001002920409 0.05347519973641084 0.001398073807123488 0.002184946255224248 0.01438480678883515 0.005214080021734938 0.2103041630107092 0.007457345226729852 0.002187453045155974 0.003020445266913634 0.00728865432065456 0.001112820933968774 0.01393198889663951 0.009839128339423936 0.001232918851605587 0.01684673246543144 0.1463355139007772 0.01565523455964585 7.589045420215389e-08 0.02056586392319463 0.0003640362629041842 0.001214178868564952 0.01110283297195052 0.01933627043568385 0.001271697690653452 0.00262948073774487 0.0002725259581891253 0.009774723958388999 0.001569084862660578 0.008247778331603079 0.05734766850056796 0.0001722991612786497 0.0005053843581646855 0.02075830600726843 0.001160456897115597 0.0627026183524713 0.01324990678377796 0.01075663374998059 0.004382052352639281 0.00670708330453466 2.618522613382696e-05 0.02717196233446698 0.0005066374969080932 1.055237091799542e-07 0.001974582141196275 0.002510252702829984 0.01306563354041021 0.002310972476702709 0.08850743033878619 0.000754903798444115 0.1264294574174374 0.0009537247583652604 0.1322367016809715 0.00575718648423029 0.0001554037247041862 0.004705047104824125 0.009229184451040746 0.004287976179887051 0.002535649163861412 0.1114749979043351 0.1626022233061189 0.2710648721589073 0.01109780321986405 0.0001473602892629922 0.2910350253189758 0.01911406867040545 0.001912492573512045 0.03670812983637346 0.006508793640654851 0.005544837245628896 0.003104191915380225 0.014022256670034 0.001623075536162646 0.0104681925150413 0.002500220917076121 0.00046245001918944 0.008027353067657981 0.006033963865059853 0.1928960034655537 0.0003981212183904441 0.01811203318843354 0.0004929075125536477 0.00146921273477347 0.001933588253028553 1.295839194036205e-07 0.0007992635890312839 0.001730885314303213 0.002284876460209074 0.001271277116628328 0.007395536159117173 0.01139122647577364 0.003157427860928586 0.04484717705947185 0.03509712739570222 0.001239257669784556 0.03569422700544146 0.01275223391153594 0.0006557336535962893 0.02208108845971383 0.005877258683720431 0.004161889028851033 0.0001251025535979377 0.001905200294654523 0.00941616828984156 0.02166767776176345 0.005421712811523662 0.004934255144693412 0.009722372282345152 0.01781024319469199 0.000765038180314199 0.01663666761320162 0.001986571179319064 0.002919086414520048 0.01507031386957899 0.02749158311473878 0.002040627329965889 0.01708873336124688 0.002196123214738173 0.005935341253363769 0.01804143735189073 0.003978669716423462 0.003919046681298026 0.004153852769434634 0.0135473834751026 0.0007131810492193347 0.002537735378189251 0.01187929116799941 0.2050605335552549 5.147531798659913e-05 0.04441753581471487 0.0138668167585544 0.01987362549739857 0.001773277985766048 0.01157056172430433 0.005936683949030236 0.008208993682528636 0.002047971578985475 0.001272254474461686 0.0109905676113082 9.088976075044487e-05 0.002192270749228638 0.02290617160991184 0.002356690529306115 0.2368487451504886 0.002047747919792462 0.00307500447822535 0.09315421132575163 0.00534275878958216 0.001048730124965039 0.03515698349832782 0.00229131036970011 0.001399648455821779 0.009737306673384634 0.01076445583584339 0.005615743610404272 0.004016100493425175 0.004128111417068539 