# Created by Octave 3.8.0, Fri May 02 10:29:22 2014 ART <alexism@MacBook-Pro-de-Alexis.local>
# name: test_error
# type: matrix
# rows: 1
# columns: 172
 8.430890724414616e-05 0.007251171020018652 0.0002889149633438248 8.430890724414616e-05 0.0002197922933986283 0.001972119303073342 0.02095767869084898 0.007629310346929181 0.01639213655266126 0.002306043042839454 0.007166424238201623 0.06106473829809841 0.008362457817650762 2.522984842653834e-05 6.759813640432239e-05 0.003766297383863921 0.01454491762225123 0.00834903655089941 0.004787464888346017 0.1160905970232433 0.01639880929573792 0.0102858022254691 0.01076005574277751 0.1378336324848851 0.01638823661673386 0.0005962570063232898 3.476017557227803e-06 0.01947534572807055 0.00531727953068155 0.005828568022120207 0.001437424745409746 0.008670348278214272 8.430890724414616e-05 0.0007812197199917406 0.004733227673016166 0.002319632052462543 0.02703810190485329 0.0211447095465223 0.002017208806426086 8.430890724414616e-05 0.1163414230560167 0.01567881493784838 0.006140995911374075 0.01366803210741346 0.009232069313867754 0.07987684247421749 0.001434426709769867 0.001102683478192429 0.002245111481500779 0.01802134804666272 0.0001096478392016752 0.01235633997656313 0.003929406233322548 0.001454472089079521 0.001172642095311027 0.0008317948746664167 0.01286359350929077 0.009079024538113985 0.005027241287254836 8.430890724414616e-05 0.0008369751674082189 0.0001517095901231971 0.0154611035620334 0.01434033472320882 0.006464130766208992 0.01253899619769859 8.430890724414616e-05 0.002219088409357987 0.005140104717324851 0.004024996534964173 0.01093702327423084 1.227916520279057e-05 0.007417014942404948 0.009258067824282998 0.008899368334930786 0.001918900136878075 0.0009853762923712434 0.001617603528954791 0.05670273235433355 0.001307930033005945 0.01217649785690557 0.00100002176171553 8.430890724414616e-05 0.003093808840420324 0.01316081104502288 0.01389388673573613 0.01949514446747251 0.0138655514910353 0.002709132819646643 0.00121761790796862 8.430890724414616e-05 0.003189981194219607 0.06329001888661316 0.02890131544805416 0.002974439718859908 8.430890724414616e-05 8.430890724414616e-05 0.02321457229530722 0.005716114106404473 0.0001905132843507343 0.01202727090365302 0.003489415506903098 0.008281930380660043 0.007116965173685214 0.002055268196430244 0.001793484689468431 0.007970444737382214 0.01491806989898416 0.0001560633321390111 0.01224181098866783 0.001102487257667712 0.0152315614947378 8.430890724414616e-05 0.0005586752186225939 8.430890724414616e-05 8.430890724414616e-05 0.000918143819171447 0.0004346517249587594 0.07723099816460927 0.01144005271471006 0.01300288714207769 0.005118723345589886 0.0002247513882501192 0.004249258534379987 0.01960545544965634 0.007904753973316265 0.0002325663810717625 0.0004037372449676901 0.004678318686574274 0.001986136606428347 0.0003028732282336732 0.0004493096954924594 8.430890724414616e-05 0.0239724559148108 0.001488057269901639 0.01419808325797724 0.0104283403386974 0.00923129655573279 0.01525310572650005 2.084057509333784e-05 0.0003979629917937658 0.005405252497118247 0.0001619323710588862 0.009697173467427093 0.003175173911918217 0.01671337614113644 0.02522650466131357 0.00984153601580841 8.430890724414616e-05 9.052804937383496e-05 8.430890724414616e-05 0.00627052559881297 0.02440770678525146 0.01040397324883559 0.0001967803419100791 0.00103958235409199 8.430890724414616e-05 0.007664748330881474 0.002161680374168685 0.0009967691954880797 0.01532336013630451 0.004088537246948922 0.007425334407362918 0.02761651986584434 9.892038364198684e-05 0.1000189606053758 0.01562719090071036 0.01686943840988961 0.001287022453905485 8.430890724414616e-05 0.002221322035185624 0.0005509247973621126


