# Created by Octave 3.2.4, Fri May 23 23:15:28 2014 Hora estándar de Argentina <unknown@unknown>
# name: network
# type: cell
# rows: 4
# columns: 1
# name: <cell-element>
# type: matrix
# rows: 0
# columns: 0
# name: <cell-element>
# type: matrix
# rows: 4
# columns: 3
 -0.01904342699910783 -0.3638997944106701 -0.02734197048948867
 0.2134926792984695 0.1579076462326582 0.1156845892079436
 -0.2774188535132436 -0.1565942741206375 -0.4346962872217604
 -0.1833724446036704 -0.131126860295515 -0.1261064703702269
# name: <cell-element>
# type: matrix
# rows: 3
# columns: 5
 -0.2576402303492396 0.3250910414468825 -0.480865801735176 0.2093322230805384 -0.3119319773712361
 0.01473332267525662 0.3408431244108933 -0.143215724748845 -0.1294733662045237 0.3930463109084604
 -0.3852204247102599 0.1321006324660531 -0.4186526143558013 -0.2186753224853606 -0.1149575104357586
# name: <cell-element>
# type: matrix
# rows: 1
# columns: 4
 -0.3392833921189638 0.177672441532217 -0.351696614655766 -0.4055636982972022

# name: hiddenUnitsPerLvl
# type: matrix
# rows: 1
# columns: 2
 4 3
