# Created by Octave 3.2.4, Fri May 23 23:37:45 2014 Hora estándar de Argentina <unknown@unknown>
# name: network
# type: cell
# rows: 4
# columns: 1
# name: <cell-element>
# type: matrix
# rows: 0
# columns: 0
# name: <cell-element>
# type: matrix
# rows: 4
# columns: 3
 -0.2176831260048462 0.06864532927486511 -0.302639897920233
 0.2995839197178518 -0.474605214446874 0.2097055371059396
 -0.4916215587409771 -0.4525660341654268 0.280484690663853
 -0.004363033421246942 0.4768209288898559 0.467306695744149
# name: <cell-element>
# type: matrix
# rows: 3
# columns: 5
 -0.004066344734862948 0.05541275328696704 0.3696863213310516 -0.4015387099288866 -0.2033865225042835
 -0.4406059561974201 0.377813543726107 -0.2046717895186141 0.1079949630523824 -0.1567670309232735
 -0.2548009197251075 0.2923714226084682 -0.4561280894290792 -0.284992119793422 0.07564355753713148
# name: <cell-element>
# type: matrix
# rows: 1
# columns: 4
 0.2345995945964847 -0.2811947263390964 -0.2690027074127696 0.006837249160395187

# name: hiddenUnitsPerLvl
# type: matrix
# rows: 1
# columns: 2
 4 3
