# Created by Octave 3.2.4, Sat May 24 00:04:02 2014 Hora estándar de Argentina <unknown@unknown>
# name: network
# type: cell
# rows: 4
# columns: 1
# name: <cell-element>
# type: matrix
# rows: 0
# columns: 0
# name: <cell-element>
# type: matrix
# rows: 4
# columns: 3
 -0.296928384909746 -0.417806081265805 0.1157993437168465
 0.371061115794252 0.3474676983202218 0.2178991763288609
 -0.09884513106050091 -0.3233460487569855 0.4705438090402468
 -0.2213790136962496 -0.3052053895367038 -0.3910933638548493
# name: <cell-element>
# type: matrix
# rows: 3
# columns: 5
 -0.2161491962813782 -0.4360984046323773 0.4891359644004858 0.4277634914419728 0.09883049868205496
 -0.2657706142973723 0.3516582289932272 -0.2896412470846449 0.1518006228321785 0.04638344243241788
 0.3834476001767815 0.2744363947196328 -0.1294250474159346 -0.318335280333533 0.05160195669006773
# name: <cell-element>
# type: matrix
# rows: 1
# columns: 4
 0.3725717321403137 0.3311209197739183 0.4115294953149314 -0.3788638722280566

# name: hiddenUnitsPerLvl
# type: matrix
# rows: 1
# columns: 2
 4 3
