# Created by Octave 3.2.4, Sat May 24 02:14:28 2014 Hora estándar de Argentina <unknown@unknown>
# name: network
# type: cell
# rows: 4
# columns: 1
# name: <cell-element>
# type: matrix
# rows: 0
# columns: 0
# name: <cell-element>
# type: matrix
# rows: 4
# columns: 3
 -0.4325106007643854 0.2709807080872513 -0.342503165401762
 -0.3046466758407276 -0.2308520718310672 -0.2972677237578126
 -0.2976930833296685 0.2074399493165321 -0.3941375833308519
 -0.4016255660341236 0.4479430091241371 0.3838100729443232
# name: <cell-element>
# type: matrix
# rows: 3
# columns: 5
 -0.03758159118588217 -0.2073412706902393 -0.2508652600139186 -0.1424241716560977 -0.2748968437160426
 -0.2998044906066084 -0.362246692275855 -0.3063375222276508 -0.1971576210226423 0.2130561919612699
 0.1593648181098875 0.07257225090348485 -0.08325203115988861 0.3858776025182228 -0.200323967899752
# name: <cell-element>
# type: matrix
# rows: 1
# columns: 4
 -0.1919384489910348 0.4099794094366291 -0.1110470589728689 0.05498202148903397

# name: hiddenUnitsPerLvl
# type: matrix
# rows: 1
# columns: 2
 4 3
