# Created by Octave 3.2.4, Sat May 24 01:17:53 2014 Hora estándar de Argentina <unknown@unknown>
# name: network
# type: cell
# rows: 4
# columns: 1
# name: <cell-element>
# type: matrix
# rows: 0
# columns: 0
# name: <cell-element>
# type: matrix
# rows: 4
# columns: 3
 0.003542216441969726 -0.1513423903309717 0.04597888453756094
 0.4801456294169327 -0.1702421683840751 0.2189611818423308
 -0.4578661907249401 -0.2294263020936289 -0.4745587619839849
 0.1700035997145616 0.4353740166626345 0.3220870730507928
# name: <cell-element>
# type: matrix
# rows: 3
# columns: 5
 -0.4373237334795975 0.2951796554106377 0.2958499402836984 -0.492477739558239 0.1597167831710846
 0.3784586288879689 -0.412386783984046 -0.3814131255336382 -0.3246258588894922 0.3090991724985146
 -0.2386574185951595 -0.2605920902417946 -0.4023600200326924 0.4820468395713337 -0.4148557007850339
# name: <cell-element>
# type: matrix
# rows: 1
# columns: 4
 0.4693717501347552 -0.3902863385936818 0.4875865986353261 0.3126595591524988

# name: hiddenUnitsPerLvl
# type: matrix
# rows: 1
# columns: 2
 4 3
