# Created by Octave 3.2.4, Sat May 24 00:43:08 2014 Hora estándar de Argentina <unknown@unknown>
# name: network
# type: cell
# rows: 4
# columns: 1
# name: <cell-element>
# type: matrix
# rows: 0
# columns: 0
# name: <cell-element>
# type: matrix
# rows: 4
# columns: 3
 -0.1366194100266061 0.08553091387136613 -0.4626881766000029
 0.2740841620963669 0.08956990620756244 0.334884461772502
 -0.497201072179623 -0.4266432082157641 0.09230214039667284
 -0.1478982272832108 0.07641397220327206 0.3578865760794226
# name: <cell-element>
# type: matrix
# rows: 3
# columns: 5
 0.2705187490622398 0.2023928972154146 0.3520669263275329 -0.1965106730652236 -0.1508701488304492
 -0.4681736949951454 -0.2566550421184916 -0.1600477144357065 0.444584991250551 0.2983278704425645
 0.2666632830484564 0.05916157943439582 -0.1697428580067641 0.328723264780827 -0.04578737473820743
# name: <cell-element>
# type: matrix
# rows: 1
# columns: 4
 -0.4711212801149485 -0.1248424461226482 0.1395445492058804 0.4762869516410464

# name: hiddenUnitsPerLvl
# type: matrix
# rows: 1
# columns: 2
 4 3
