# Created by Octave 3.2.4, Fri May 23 23:24:15 2014 Hora estándar de Argentina <unknown@unknown>
# name: network
# type: cell
# rows: 4
# columns: 1
# name: <cell-element>
# type: matrix
# rows: 0
# columns: 0
# name: <cell-element>
# type: matrix
# rows: 4
# columns: 3
 0.1445885565967544 0.06283314937712392 0.1869593219354239
 -0.1277724006565071 0.3610581290573557 0.05387870816345131
 0.1923674198514648 -0.4676233321405075 0.101101273604424
 -0.4863264055422643 -0.07750354826611133 0.1327653659243007
# name: <cell-element>
# type: matrix
# rows: 3
# columns: 5
 -0.4172479705305072 0.4270190233314431 -0.3270354651545678 -0.1414651289865543 0.03883042181680318
 -0.1029268275964786 0.1820840989653676 -0.2646817766987443 -0.4719417865743838 -0.4793730725128139
 0.1505578878122329 0.1390695961498671 0.267744089824891 -0.2435997137741684 -0.1554274842576525
# name: <cell-element>
# type: matrix
# rows: 1
# columns: 4
 0.1545524020371639 -0.11284347212949 0.01011063494832909 -0.4063845386708626

# name: hiddenUnitsPerLvl
# type: matrix
# rows: 1
# columns: 2
 4 3
