# Created by Octave 3.2.4, Sat May 24 01:57:03 2014 Hora estándar de Argentina <unknown@unknown>
# name: network
# type: cell
# rows: 4
# columns: 1
# name: <cell-element>
# type: matrix
# rows: 0
# columns: 0
# name: <cell-element>
# type: matrix
# rows: 4
# columns: 3
 -0.323347548561622 -0.4440387660964035 -0.0695543130441611
 0.3556814643022767 0.4174378086574166 0.3584426232051146
 -0.4846349100311562 -0.4728649296003066 -0.07404387797888329
 -0.4377977499803915 0.08201514655220488 -0.2549362754978693
# name: <cell-element>
# type: matrix
# rows: 3
# columns: 5
 0.2382862756091396 0.02305688207249212 -0.3479828300587399 -0.2170819627672544 0.126719576214765
 0.402714179378176 -0.2128053271651313 -0.024833195152345 0.126286809090899 0.2630017875635156
 -0.2660290200629488 0.1458645662096191 0.4065734551936825 0.3680895656308145 0.30520183942163
# name: <cell-element>
# type: matrix
# rows: 1
# columns: 4
 -0.4043868772132097 0.2845746555040557 0.3145575405529575 -0.1341866999017525

# name: hiddenUnitsPerLvl
# type: matrix
# rows: 1
# columns: 2
 4 3
