# Created by Octave 3.2.4, Sat May 24 00:34:27 2014 Hora estándar de Argentina <unknown@unknown>
# name: network
# type: cell
# rows: 4
# columns: 1
# name: <cell-element>
# type: matrix
# rows: 0
# columns: 0
# name: <cell-element>
# type: matrix
# rows: 4
# columns: 3
 0.07558513835967862 -0.4059047849948025 0.1102965744382154
 0.3932501594630432 0.4719428662601365 -0.01995275285043469
 0.09871869389602528 -0.4408589170626387 -0.3500771323087624
 -0.4577542751398507 0.4061884348397047 0.1802765164280868
# name: <cell-element>
# type: matrix
# rows: 3
# columns: 5
 -0.04197377244262074 -0.4431348052743381 0.2906138303207905 0.1724352922700217 -0.4701869865746597
 -0.4471211339971952 -0.2974927188693652 -0.2931860862106737 -0.4149625841000266 0.4263125880390241
 -0.4123517908011918 -0.3062580904434137 0.01904430606206076 -0.4268113945469499 0.1244486947033601
# name: <cell-element>
# type: matrix
# rows: 1
# columns: 4
 0.3568104391459727 0.0813746469119081 0.09190580771458856 -0.1248865911563576

# name: hiddenUnitsPerLvl
# type: matrix
# rows: 1
# columns: 2
 4 3
