# Created by Octave 3.2.4, Sat May 24 01:39:39 2014 Hora estándar de Argentina <unknown@unknown>
# name: network
# type: cell
# rows: 4
# columns: 1
# name: <cell-element>
# type: matrix
# rows: 0
# columns: 0
# name: <cell-element>
# type: matrix
# rows: 4
# columns: 3
 0.1809882644713091 0.1866358246097168 -0.2241185610143082
 0.07290392879181595 -0.4392874719807348 0.3411693217619555
 0.1638948841183751 -0.02996676625593336 0.2457981340940484
 -0.3254685429692247 0.4752197517821821 0.3458518151593957
# name: <cell-element>
# type: matrix
# rows: 3
# columns: 5
 0.3063721123010829 0.3450622467628304 0.4381353153754785 -0.01247123372879605 0.3260722504116798
 0.3674044927030599 -0.1986710096725173 0.2307102818498343 -0.3305628545124197 -0.440688028675695
 -0.142431070097996 0.152559719415672 0.3172593757936605 0.1913559352960794 0.4218788749412246
# name: <cell-element>
# type: matrix
# rows: 1
# columns: 4
 -0.1844684272380648 -0.2351142000430858 0.2391215008408855 0.3190983049314735

# name: hiddenUnitsPerLvl
# type: matrix
# rows: 1
# columns: 2
 4 3
