# Created by Octave 3.2.4, Sat May 24 01:26:37 2014 Hora estándar de Argentina <unknown@unknown>
# name: network
# type: cell
# rows: 4
# columns: 1
# name: <cell-element>
# type: matrix
# rows: 0
# columns: 0
# name: <cell-element>
# type: matrix
# rows: 4
# columns: 3
 0.4910159335363922 0.3257070735691874 0.3755506767184019
 -0.4490695875919903 -0.162500511149033 -0.1757128165349289
 -0.1088575697180998 -0.4812611670789598 0.02800512635438157
 0.03750446542906505 -0.3830199055811096 0.2849677336688681
# name: <cell-element>
# type: matrix
# rows: 3
# columns: 5
 -0.03436246049326891 0.299754097594423 0.497889945024835 -0.4180489406214674 0.459241087902442
 0.3126432484624408 -0.1537333797240584 0.327133696092705 -0.08321751440798503 -0.09684037555078334
 0.01204891037462885 0.01539166375137024 0.007579214021824487 0.1041936991887408 0.04805624503608918
# name: <cell-element>
# type: matrix
# rows: 1
# columns: 4
 0.09102774105731037 0.4425477571597014 -0.2938898567542452 0.1057734862040631

# name: hiddenUnitsPerLvl
# type: matrix
# rows: 1
# columns: 2
 4 3
