# Created by Octave 3.2.4, Fri May 23 23:33:21 2014 Hora estándar de Argentina <unknown@unknown>
# name: network
# type: cell
# rows: 4
# columns: 1
# name: <cell-element>
# type: matrix
# rows: 0
# columns: 0
# name: <cell-element>
# type: matrix
# rows: 4
# columns: 3
 -0.1725938272587622 -0.02253962205457721 0.4712160818151669
 0.3200222958127651 0.1591593454920157 0.2463878802060707
 0.06252946203538967 0.06608167835900203 0.1512821968418624
 0.4441037179624553 -0.2219447555340515 -0.2595547158283827
# name: <cell-element>
# type: matrix
# rows: 3
# columns: 5
 0.3145740132397775 -0.1220352059466415 0.4601443438888458 -0.1466899985425541 -0.05865236992018058
 -0.09478362410588209 0.4887115165484021 0.2908252816680988 -0.4368431649860269 -0.4205454201020427
 0.4384481642627431 0.1978402702063863 -0.06225633650561174 0.2194748303463958 -0.2866005589728787
# name: <cell-element>
# type: matrix
# rows: 1
# columns: 4
 0.05953715421367012 0.4798474170580689 0.1476819275141361 0.1338692727846172

# name: hiddenUnitsPerLvl
# type: matrix
# rows: 1
# columns: 2
 4 3
