# Created by Octave 3.2.4, Sat May 24 01:35:18 2014 Hora estándar de Argentina <unknown@unknown>
# name: network
# type: cell
# rows: 4
# columns: 1
# name: <cell-element>
# type: matrix
# rows: 0
# columns: 0
# name: <cell-element>
# type: matrix
# rows: 4
# columns: 3
 0.2920152322991263 -0.4510006575346782 -0.4305971904691087
 -0.311360394587157 -0.02718639887876845 -0.05880000802543045
 0.261201539700111 -0.4670587153564363 0.4033537230865729
 0.2052771150582002 0.1586483861382892 -0.06006063853702265
# name: <cell-element>
# type: matrix
# rows: 3
# columns: 5
 0.3393782833071874 0.377062067354588 0.4921256820817149 0.1868882214945744 -0.1260826017066536
 0.1985074160187766 -0.1357396165790281 0.4021536291915099 0.4314537383812059 -0.05083265774606233
 0.3141240466834011 0.2736065870781488 -0.3366228726501911 -0.125287089413772 0.2753900056494825
# name: <cell-element>
# type: matrix
# rows: 1
# columns: 4
 -0.2531278320103061 -0.006398241206164668 -0.4768945737330697 0.4656687716988991

# name: hiddenUnitsPerLvl
# type: matrix
# rows: 1
# columns: 2
 4 3
