# Created by Octave 3.2.4, Fri May 23 23:02:05 2014 Hora estándar de Argentina <unknown@unknown>
# name: network
# type: cell
# rows: 4
# columns: 1
# name: <cell-element>
# type: matrix
# rows: 0
# columns: 0
# name: <cell-element>
# type: matrix
# rows: 4
# columns: 3
 -0.204555643474892 0.2420622541971986 -0.2730285728709476
 -0.3323987267927183 0.2236368551008421 -0.411246991200965
 -0.4008747113487334 -0.4502281724853007 -0.1013197742876461
 -0.4582845247783318 0.2463084028074448 0.4141854523457619
# name: <cell-element>
# type: matrix
# rows: 3
# columns: 5
 -0.4964254000181775 0.1935379945841194 -0.3612802223129771 0.02126997540325259 -0.2756716468199708
 0.4214937778554635 0.02453690571278733 0.0293218814588343 0.1666278646603968 0.0832335009689521
 0.2774011510880333 0.3812781443531558 0.4348545371156736 0.2444811983238011 0.01628927762719956
# name: <cell-element>
# type: matrix
# rows: 1
# columns: 4
 0.2606513502916347 0.4042085519166033 0.3832446908302973 -0.2687671081584348

# name: hiddenUnitsPerLvl
# type: matrix
# rows: 1
# columns: 2
 4 3
