# Created by Octave 3.2.4, Sat May 24 00:12:43 2014 Hora estándar de Argentina <unknown@unknown>
# name: network
# type: cell
# rows: 4
# columns: 1
# name: <cell-element>
# type: matrix
# rows: 0
# columns: 0
# name: <cell-element>
# type: matrix
# rows: 4
# columns: 3
 -0.432588303600206 -0.4148714402039838 0.2872133010907941
 0.1158889063394855 -0.3709266939438747 -0.395744049871231
 0.4783304111296626 -0.1308489499146357 -0.04058877936299371
 -0.3352106287368972 -0.07748771100698432 -0.4705579326835603
# name: <cell-element>
# type: matrix
# rows: 3
# columns: 5
 -0.1792313457301459 -0.2623691375220502 -0.2354102925117786 -0.241789545334219 0.2542170317585872
 0.4248046448606204 -0.001012626797792626 0.04096045102410162 0.05961050267662993 -0.1999766714474793
 -0.01923168034003869 0.07645274539993485 0.4503382694045286 -0.2689830067670527 0.1258135033460012
# name: <cell-element>
# type: matrix
# rows: 1
# columns: 4
 0.2178104792463968 0.292651213357957 -0.3646008254857357 0.3438014107977541

# name: hiddenUnitsPerLvl
# type: matrix
# rows: 1
# columns: 2
 4 3
