# Created by Octave 3.2.4, Sat May 24 01:13:33 2014 Hora estándar de Argentina <unknown@unknown>
# name: network
# type: cell
# rows: 4
# columns: 1
# name: <cell-element>
# type: matrix
# rows: 0
# columns: 0
# name: <cell-element>
# type: matrix
# rows: 4
# columns: 3
 0.08606244856050937 -0.02164306182557235 0.02554907205611856
 -0.07009680112463673 0.2351181967987115 -0.1800081799463079
 0.1434597308829301 -0.4478433804747325 0.4086441355253948
 -0.1335916651586057 0.130022373869123 0.02332016608703635
# name: <cell-element>
# type: matrix
# rows: 3
# columns: 5
 0.2404537000860228 -0.4718949518782697 0.1195024874796852 0.2798308923205025 0.1253054446753157
 0.2138034600087998 0.4905493145790079 -0.003682271759068934 0.2082697447003961 -0.3584310490387881
 0.42118453917661 0.06921948754219343 -0.4821489339314212 -0.2882287072138558 -0.4082296447480907
# name: <cell-element>
# type: matrix
# rows: 1
# columns: 4
 0.4920225223123074 -0.4050325455434029 0.0460654516609742 0.3956224284396963

# name: hiddenUnitsPerLvl
# type: matrix
# rows: 1
# columns: 2
 4 3
