# Created by Octave 3.2.4, Sat May 24 02:18:48 2014 Hora estándar de Argentina <unknown@unknown>
# name: network
# type: cell
# rows: 4
# columns: 1
# name: <cell-element>
# type: matrix
# rows: 0
# columns: 0
# name: <cell-element>
# type: matrix
# rows: 4
# columns: 3
 -0.3489498645039673 0.3094577513315622 -0.08433341415183621
 -0.385234645609787 0.2050729806152192 -0.4774707976171247
 0.182471070531354 -0.211334765415387 0.3351539128794794
 -0.2180776147226764 0.2675722308047558 0.06796784279462198
# name: <cell-element>
# type: matrix
# rows: 3
# columns: 5
 -0.3314112219925572 -0.1583900266995692 0.3176265905159471 -0.4438120386100035 -0.07943375234400524
 -0.1421474611617397 -0.4890020595584734 0.333059978050696 0.03877474969672723 -0.2624658699709265
 -0.2053292440079744 0.4740598644519536 -0.1849181473621233 -0.2083815450717572 -0.07129012882335478
# name: <cell-element>
# type: matrix
# rows: 1
# columns: 4
 0.1821843083843965 0.2922888965130027 0.1387197078795659 -0.2464937623727284

# name: hiddenUnitsPerLvl
# type: matrix
# rows: 1
# columns: 2
 4 3
