# Created by Octave 3.2.4, Fri May 23 23:11:07 2014 Hora estándar de Argentina <unknown@unknown>
# name: network
# type: cell
# rows: 4
# columns: 1
# name: <cell-element>
# type: matrix
# rows: 0
# columns: 0
# name: <cell-element>
# type: matrix
# rows: 4
# columns: 3
 0.1196427180211402 0.05986347516934309 -0.03619728932368876
 -0.3693023800563732 0.2829168733983312 0.2674909744752629
 0.2139473358350525 0.09299141271727585 -0.3319312858516911
 0.07517878859038629 0.3424092767825825 0.3662071577142544
# name: <cell-element>
# type: matrix
# rows: 3
# columns: 5
 0.0790156561763008 0.3357400879602754 -0.244194639868092 0.3708930030742701 -0.3037942028390605
 0.4182414450064013 0.1820537441745819 0.03257053793516285 -0.2726289295953683 -0.08005897241606713
 -0.2363603011321927 -0.05145748875925588 -0.16712547943794 0.1771885331543237 0.29601664973537
# name: <cell-element>
# type: matrix
# rows: 1
# columns: 4
 -0.4227736123945838 0.08962477469491048 0.2975674005320806 -0.4831545608959284

# name: hiddenUnitsPerLvl
# type: matrix
# rows: 1
# columns: 2
 4 3
