# Created by Octave 3.2.4, Sat May 24 01:43:59 2014 Hora estándar de Argentina <unknown@unknown>
# name: network
# type: cell
# rows: 4
# columns: 1
# name: <cell-element>
# type: matrix
# rows: 0
# columns: 0
# name: <cell-element>
# type: matrix
# rows: 4
# columns: 3
 -0.4296952207429903 -0.1797309381864841 -0.4638907338073127
 -0.2857161678642349 0.4327353698708948 -0.4509674430595154
 -0.03646603583150548 0.0467398307625928 -0.1013995395225962
 0.362001184513205 0.1995495714747912 0.3570621688753111
# name: <cell-element>
# type: matrix
# rows: 3
# columns: 5
 -0.02747944847971245 -0.3507102679928464 0.3855129766985432 0.4284990680230699 0.1809371863616651
 -0.1576307009978273 0.2121112222406167 -0.2213172994202307 0.4048593234838703 0.2291865430902444
 0.4698729900532879 -0.1674498702197086 0.2355992526224975 -0.3899220737084703 0.491145742635467
# name: <cell-element>
# type: matrix
# rows: 1
# columns: 4
 0.4471765338273598 -0.0280267820911711 -0.4612251913060019 -0.24163320767354

# name: hiddenUnitsPerLvl
# type: matrix
# rows: 1
# columns: 2
 4 3
