# Created by Octave 3.2.4, Fri May 23 23:55:19 2014 Hora estándar de Argentina <unknown@unknown>
# name: network
# type: cell
# rows: 4
# columns: 1
# name: <cell-element>
# type: matrix
# rows: 0
# columns: 0
# name: <cell-element>
# type: matrix
# rows: 4
# columns: 3
 -0.3404015940802512 0.05567270011294478 0.3045596772841687
 -0.1933507445112233 0.4477664401831198 0.1584783112743271
 -0.1599577226704613 -0.4332110403289739 0.2569082597255874
 -0.355087911958962 -0.4002172052570523 0.2051127140260444
# name: <cell-element>
# type: matrix
# rows: 3
# columns: 5
 0.3601964211420132 0.02867571191560858 0.2226226210907165 -0.07261984709126418 -0.05214392830604403
 -0.09416013634921599 -0.3558102910215025 0.2732571612598873 0.2776131043182594 -0.4521467027325337
 0.3618534190836273 -0.246042106559052 0.2927354498982803 -0.2596228710807841 -0.2866380303124423
# name: <cell-element>
# type: matrix
# rows: 1
# columns: 4
 0.009054549138340473 -0.112998035875604 -0.08263170719956753 -0.3688437623928314

# name: hiddenUnitsPerLvl
# type: matrix
# rows: 1
# columns: 2
 4 3
