# Created by Octave 3.2.4, Sat May 24 00:38:47 2014 Hora estándar de Argentina <unknown@unknown>
# name: network
# type: cell
# rows: 4
# columns: 1
# name: <cell-element>
# type: matrix
# rows: 0
# columns: 0
# name: <cell-element>
# type: matrix
# rows: 4
# columns: 3
 -0.4941618094090778 -0.4530233312491711 0.0270804050763499
 -0.4380666598961426 -0.2141269595272171 0.1647254015339902
 -0.3892779751353034 -0.4671463349927547 -0.008990302233039038
 -0.4977617588474568 -0.2524644793357912 0.1899197418442627
# name: <cell-element>
# type: matrix
# rows: 3
# columns: 5
 0.4509423433957215 -0.4977240207446487 0.4841148365095965 0.2424332671415954 0.2071099987290232
 0.2571320776586558 0.1709914684995041 -0.01704075962618018 0.08603148566652996 -0.4267265365173549
 0.08729367421488132 -0.2768107693435717 -0.2204981447019924 0.4027580635343617 -0.2788940520264995
# name: <cell-element>
# type: matrix
# rows: 1
# columns: 4
 -0.05118376004451691 -0.1188969561291128 0.04569460036447448 0.4300863870302483

# name: hiddenUnitsPerLvl
# type: matrix
# rows: 1
# columns: 2
 4 3
