# Created by Octave 3.2.4, Sat May 24 02:27:28 2014 Hora estándar de Argentina <unknown@unknown>
# name: network
# type: cell
# rows: 4
# columns: 1
# name: <cell-element>
# type: matrix
# rows: 0
# columns: 0
# name: <cell-element>
# type: matrix
# rows: 4
# columns: 3
 -0.2511326252661523 -0.4870986138492404 -0.3451953568121386
 -0.3536732441088314 -0.3788787405262485 -0.04784841917040877
 -0.1141937134661451 0.36096674520345 -0.2062685346976659
 -0.001144685267480072 -0.4630838612770086 -0.375186135024614
# name: <cell-element>
# type: matrix
# rows: 3
# columns: 5
 -0.4348728370257082 0.005282627033984078 0.3417307177728208 0.4523643689126748 -0.1423757781228768
 0.4810492635711793 0.4867744198812405 0.38878775399106 0.4495319833319603 0.2212197116199051
 -0.3982054439993721 -0.3997759038563329 0.3588102229995324 0.2677205820774842 -0.4578938528248865
# name: <cell-element>
# type: matrix
# rows: 1
# columns: 4
 -0.2622460955501579 0.3456350604276482 0.2993608860989795 0.2887039958357216

# name: hiddenUnitsPerLvl
# type: matrix
# rows: 1
# columns: 2
 4 3
