# Created by Octave 3.2.4, Fri May 23 23:28:41 2014 Hora estándar de Argentina <unknown@unknown>
# name: network
# type: cell
# rows: 4
# columns: 1
# name: <cell-element>
# type: matrix
# rows: 0
# columns: 0
# name: <cell-element>
# type: matrix
# rows: 4
# columns: 3
 -0.4777498542316591 0.2450323062975757 0.1099522068091262
 0.2561651325221598 -0.06303595372223331 -0.4691894964827826
 -0.2400209674717036 -0.1163611726153135 -0.1931255582911759
 0.434102683030139 0.3839477798460273 0.4999858873044225
# name: <cell-element>
# type: matrix
# rows: 3
# columns: 5
 -0.301289388129417 0.1740275376180378 0.2174804464293574 -0.03443101233037676 -0.2911450655312177
 -0.02077480267833659 -0.1743757962023677 0.3219546024580023 -0.1567751949347927 -0.4661815703256263
 -0.08767476069670627 -0.06694631356072317 0.1205100477153737 -0.1373500186757656 0.2026150613992521
# name: <cell-element>
# type: matrix
# rows: 1
# columns: 4
 0.1157179893797908 -0.1911075141703668 0.2740150285867092 0.04343986446799819

# name: hiddenUnitsPerLvl
# type: matrix
# rows: 1
# columns: 2
 4 3
