# Created by Octave 3.2.4, Sat May 24 01:22:15 2014 Hora estándar de Argentina <unknown@unknown>
# name: network
# type: cell
# rows: 4
# columns: 1
# name: <cell-element>
# type: matrix
# rows: 0
# columns: 0
# name: <cell-element>
# type: matrix
# rows: 4
# columns: 3
 -0.4628683345360928 0.09708612066952405 0.3746636161040796
 -0.4067586793622146 0.3720759040938969 -0.2118006720594559
 -0.2656225158687444 0.2029754076741846 -0.05998516404649029
 -0.1919023048157587 -0.4402038454586033 0.2880701592189107
# name: <cell-element>
# type: matrix
# rows: 3
# columns: 5
 -0.4644730792628125 -0.1308516053060685 -0.4509884341705285 0.09064244265531385 0.1837071250630159
 -0.339630509914721 -0.1191846496017311 -0.4078530731739041 -0.4096342009313477 0.312328527181609
 -0.106314582483916 0.1122038022841655 -0.3013017700636106 -0.3384366006702798 0.3570438974204675
# name: <cell-element>
# type: matrix
# rows: 1
# columns: 4
 0.3697730658056279 0.2248600615769187 0.202918453796863 0.3248383024868891

# name: hiddenUnitsPerLvl
# type: matrix
# rows: 1
# columns: 2
 4 3
