# Created by Octave 3.2.4, Sat May 24 00:25:44 2014 Hora estándar de Argentina <unknown@unknown>
# name: network
# type: cell
# rows: 4
# columns: 1
# name: <cell-element>
# type: matrix
# rows: 0
# columns: 0
# name: <cell-element>
# type: matrix
# rows: 4
# columns: 3
 -0.4293442476264113 -0.2534107787730799 -0.02857498628585858
 -0.1615677018729429 0.4182247891812182 0.08089255750007884
 -0.4581595943120875 -0.3218329776034013 -0.2979086869455714
 -0.4799146986933563 -0.2039439683457868 0.003213161485753457
# name: <cell-element>
# type: matrix
# rows: 3
# columns: 5
 -0.489047250978513 -0.3079706314611722 0.1516467070134691 0.1770595294550362 -0.07422521112097719
 -0.3901789839144789 0.4264443172744492 0.2024030763667652 -0.4861925207932201 -0.3170628122040473
 -0.02441074161527329 -0.1369101990606761 -0.4715635181136948 -0.1306835138997074 0.005819799623700828
# name: <cell-element>
# type: matrix
# rows: 1
# columns: 4
 0.2978368292229761 -0.2914762247711124 -0.09612040678374273 0.06318671879685045

# name: hiddenUnitsPerLvl
# type: matrix
# rows: 1
# columns: 2
 4 3
