# Created by Octave 3.2.4, Fri May 23 23:50:59 2014 Hora estándar de Argentina <unknown@unknown>
# name: network
# type: cell
# rows: 4
# columns: 1
# name: <cell-element>
# type: matrix
# rows: 0
# columns: 0
# name: <cell-element>
# type: matrix
# rows: 4
# columns: 3
 -0.3757240844670246 0.08818507552713728 0.208552233435875
 0.1254100351141162 -0.1845726850070995 -0.05520533385080123
 0.2899993379936842 -0.4700965997837472 0.4243576541856865
 0.08708923075558217 0.2753380538790451 0.4312558365714865
# name: <cell-element>
# type: matrix
# rows: 3
# columns: 5
 0.1507054515178887 -0.2986737776354805 0.4663710145013243 0.0709066735290429 -0.2241522282231618
 0.1891283184401787 -0.4705429871415811 -0.04026831903183775 0.2184257111625957 -0.2898701296780336
 0.3530523022242135 -0.2953882644873461 -0.339227437112104 -0.03149993539371237 0.3065650898780025
# name: <cell-element>
# type: matrix
# rows: 1
# columns: 4
 0.08963599195416805 0.2816952703749925 -0.3697182291696523 -0.1023492931403377

# name: hiddenUnitsPerLvl
# type: matrix
# rows: 1
# columns: 2
 4 3
