# Created by Octave 3.2.4, Sat May 24 01:00:30 2014 Hora estándar de Argentina <unknown@unknown>
# name: network
# type: cell
# rows: 4
# columns: 1
# name: <cell-element>
# type: matrix
# rows: 0
# columns: 0
# name: <cell-element>
# type: matrix
# rows: 4
# columns: 3
 0.1639885158796389 -0.4857046674595039 0.487338456317795
 0.4562974217647289 0.1807331588599559 -0.1895390157465048
 0.272350820272737 0.4063287107230991 -0.4468343845785392
 -0.230416086122554 0.03677116736810959 -0.2649468777187452
# name: <cell-element>
# type: matrix
# rows: 3
# columns: 5
 0.2183691253503022 0.4638171392072511 -0.3859149968811325 0.01440479365032388 0.1326720912179333
 0.3871472249042108 0.191551595423445 0.2734746747927891 -0.003261428114794074 0.3026864454847574
 -0.1808583020060879 0.2203959285667324 0.2043500716314255 -0.4810217774182469 -0.4841730464371585
# name: <cell-element>
# type: matrix
# rows: 1
# columns: 4
 0.2413266092488854 -0.1789626346151903 0.2339159479136028 0.3583150531230399

# name: hiddenUnitsPerLvl
# type: matrix
# rows: 1
# columns: 2
 4 3
