# Created by Octave 3.2.4, Sat May 24 01:04:52 2014 Hora estándar de Argentina <unknown@unknown>
# name: network
# type: cell
# rows: 4
# columns: 1
# name: <cell-element>
# type: matrix
# rows: 0
# columns: 0
# name: <cell-element>
# type: matrix
# rows: 4
# columns: 3
 -0.04669321857538627 -0.3681524067709102 0.1789458501307126
 0.2434175627101985 -0.4303240587531679 0.4269507198446201
 -0.2004997077072662 -0.4327172601118282 0.4364227808155456
 0.4521412409256473 -0.2834846638046373 0.2724503852422885
# name: <cell-element>
# type: matrix
# rows: 3
# columns: 5
 -0.2324096508839663 -0.08336759158549384 -0.3084305250622203 -0.04302479479825688 0.1148849369276131
 0.18900865393007 -0.1293554740947814 -0.3750919309306105 -0.4885667352582555 0.323596944594289
 -0.1113686001222977 -0.04686936671396164 -0.1190124816784867 -0.4283182139337833 -0.3051189607388879
# name: <cell-element>
# type: matrix
# rows: 1
# columns: 4
 0.22571640341099 0.12937848529819 -0.4477109025924862 -0.08195821559549371

# name: hiddenUnitsPerLvl
# type: matrix
# rows: 1
# columns: 2
 4 3
