# Created by Octave 3.2.4, Sat May 24 01:09:13 2014 Hora estándar de Argentina <unknown@unknown>
# name: network
# type: cell
# rows: 4
# columns: 1
# name: <cell-element>
# type: matrix
# rows: 0
# columns: 0
# name: <cell-element>
# type: matrix
# rows: 4
# columns: 3
 -0.2219750435709328 -0.3742398765380077 0.2053935013893977
 0.1762782396571181 -0.1285213952819375 -0.05078008254059457
 -0.4589086362808781 -0.1712215688923769 0.2912062860357032
 -0.499020334086495 -0.4995351894768565 -0.01707647987913968
# name: <cell-element>
# type: matrix
# rows: 3
# columns: 5
 -0.1645854957101205 -0.4088954366863104 0.4049831112196651 0.1089189811495004 -0.05603838687156343
 0.3015584798221845 -0.09460298960136732 0.0707897543581697 -0.09909103430647598 0.1848411480326405
 -0.246684630107802 0.03033454043692885 -0.2889089159883895 0.2868732508719323 -0.2443597591696581
# name: <cell-element>
# type: matrix
# rows: 1
# columns: 4
 -0.2294694127114974 -0.4294582479182305 0.3946744770621544 -0.1149369305527309

# name: hiddenUnitsPerLvl
# type: matrix
# rows: 1
# columns: 2
 4 3
