# Created by Octave 3.2.4, Sat May 24 02:01:24 2014 Hora estándar de Argentina <unknown@unknown>
# name: network
# type: cell
# rows: 4
# columns: 1
# name: <cell-element>
# type: matrix
# rows: 0
# columns: 0
# name: <cell-element>
# type: matrix
# rows: 4
# columns: 3
 0.2239859495256507 0.4237061931500049 -0.2698789976390981
 0.4515556617115046 -0.00387307032767209 0.1382340966212319
 -0.1782857484601217 -0.4310214537969324 0.3421230758563597
 -0.01201927782394779 0.4877615292234441 0.3886679161538943
# name: <cell-element>
# type: matrix
# rows: 3
# columns: 5
 0.1469448331738614 -0.3008361260039081 -0.2366265377428664 0.05418782783531995 0.4947706880519109
 0.1669240224198897 -0.3048216048845617 0.1790374913955325 0.3945041537668706 0.1841894746211806
 -0.4761051973073017 0.08571166932258301 0.3262240600552251 0.1115630556455035 -0.05175268536615513
# name: <cell-element>
# type: matrix
# rows: 1
# columns: 4
 -0.08551801504037065 -0.4541543038730468 -0.3375374056312758 -0.2234056806298197

# name: hiddenUnitsPerLvl
# type: matrix
# rows: 1
# columns: 2
 4 3
