# Created by Octave 3.2.4, Sat May 24 01:48:20 2014 Hora estándar de Argentina <unknown@unknown>
# name: network
# type: cell
# rows: 4
# columns: 1
# name: <cell-element>
# type: matrix
# rows: 0
# columns: 0
# name: <cell-element>
# type: matrix
# rows: 4
# columns: 3
 -0.0233490178987788 -0.4984218391107545 -0.04570665157156656
 -0.02569562413541654 0.4180282673749571 -0.34299603762864
 0.1050324718971996 -0.4904084313229611 0.05829977860974667
 -0.4197676939611939 -0.08770442260056249 0.4096408869168796
# name: <cell-element>
# type: matrix
# rows: 3
# columns: 5
 -0.0935436889629338 0.1624527253420012 -0.06522377523963813 0.2297427493142818 0.2545719549614329
 0.3851373107483759 -0.1551594813358625 0.1480323983766908 -0.2838294071168792 -0.2280201079340942
 0.1682234120134218 0.2816048158381258 -0.1651646065211671 -0.1895750830586357 -0.0592796030174319
# name: <cell-element>
# type: matrix
# rows: 1
# columns: 4
 0.3766253737078951 -0.363428529388447 0.1220687657680871 0.4715813445030084

# name: hiddenUnitsPerLvl
# type: matrix
# rows: 1
# columns: 2
 4 3
