# Created by Octave 3.2.4, Fri May 23 23:59:40 2014 Hora estándar de Argentina <unknown@unknown>
# name: network
# type: cell
# rows: 4
# columns: 1
# name: <cell-element>
# type: matrix
# rows: 0
# columns: 0
# name: <cell-element>
# type: matrix
# rows: 4
# columns: 3
 0.4942354142698234 -0.3819994026128377 -0.3769120502686537
 0.3821407018067916 0.3340162063589247 0.1909237498861054
 -0.1613496655145071 -0.350951800862754 -0.09722472727040071
 -0.3571579430375625 0.3718971282017652 -0.1619014394278316
# name: <cell-element>
# type: matrix
# rows: 3
# columns: 5
 -0.2349273232243727 0.4333316627790779 -0.3738276424254394 -0.09520885271668994 0.01898009359207498
 0.3693735194449094 0.4684431779280541 0.2912145327417703 -0.3929034724906524 0.09636794656285819
 0.1817514556226544 -0.3029550564072029 0.2408803668958777 0.2769316472990101 0.2320108690219278
# name: <cell-element>
# type: matrix
# rows: 1
# columns: 4
 -0.3786192164763837 -0.4948341955812848 0.461511182396432 -0.4027708369279382

# name: hiddenUnitsPerLvl
# type: matrix
# rows: 1
# columns: 2
 4 3
