# Created by Octave 3.2.4, Sat May 24 02:10:08 2014 Hora estándar de Argentina <unknown@unknown>
# name: network
# type: cell
# rows: 4
# columns: 1
# name: <cell-element>
# type: matrix
# rows: 0
# columns: 0
# name: <cell-element>
# type: matrix
# rows: 4
# columns: 3
 -0.04751354178649964 0.2102246777921395 0.3636247244344967
 -0.09703674804942136 0.1701505044993905 -0.1017875156500777
 0.2691270575939411 0.1869427118654834 0.4934776776412173
 -0.3684855773209624 -0.4955676180443037 -0.199448414040121
# name: <cell-element>
# type: matrix
# rows: 3
# columns: 5
 -0.4911535012632256 0.01255819070737185 -0.05248441538618537 -0.0691182129358649 -0.4490092153071979
 -0.09260113756097182 -0.1486668800538363 -0.2094864810692296 -0.328906669271767 0.1213215775300123
 0.1142890579984204 0.1245156039422926 -0.1626653300556368 0.1923182867173832 -0.469765082588482
# name: <cell-element>
# type: matrix
# rows: 1
# columns: 4
 0.3538979481387399 -0.4281794449381119 -0.4173965766523258 0.2590655608818382

# name: hiddenUnitsPerLvl
# type: matrix
# rows: 1
# columns: 2
 4 3
