# Created by Octave 3.2.4, Sat May 24 02:31:48 2014 Hora estándar de Argentina <unknown@unknown>
# name: network
# type: cell
# rows: 4
# columns: 1
# name: <cell-element>
# type: matrix
# rows: 0
# columns: 0
# name: <cell-element>
# type: matrix
# rows: 4
# columns: 3
 -0.4539959939316798 -0.4789463035164992 -0.210491498825232
 0.416815716961054 0.07660201962087498 0.06827234981045016
 -0.07472891024782752 0.2433717512231186 -0.3879973609723742
 -0.253620197915399 -0.313748901767722 0.4778539228677154
# name: <cell-element>
# type: matrix
# rows: 3
# columns: 5
 0.3686193353604117 -0.06826357783448572 0.3586520740761895 0.3747766055649233 0.215908652071636
 -0.3665793396193279 -0.4332324186714835 0.168384314484757 0.2142450331177931 -0.2231874431044248
 -0.4614953066463254 -0.3353182602369674 -0.2158238913349707 -0.3541987840962835 -0.4172346179638958
# name: <cell-element>
# type: matrix
# rows: 1
# columns: 4
 0.2295984923332058 -0.3882309019406655 -0.1002774416450699 -0.3502397057161215

# name: hiddenUnitsPerLvl
# type: matrix
# rows: 1
# columns: 2
 4 3
