# Created by Octave 3.2.4, Fri May 23 23:19:51 2014 Hora estándar de Argentina <unknown@unknown>
# name: network
# type: cell
# rows: 4
# columns: 1
# name: <cell-element>
# type: matrix
# rows: 0
# columns: 0
# name: <cell-element>
# type: matrix
# rows: 4
# columns: 3
 0.3128229176391925 -0.1964331894523615 0.1447090329164344
 0.3282866628473801 0.2312547759694284 -0.2687089623576457
 -0.3835106664889494 0.3853008677331743 -0.4195607671659109
 0.216530053480854 0.4782305393099148 0.311559948837363
# name: <cell-element>
# type: matrix
# rows: 3
# columns: 5
 -0.2706395303822649 0.3988240862891511 0.333090871944571 -0.0623883764479774 -0.393778720796997
 0.3199455995131866 0.3368124384424918 -0.4047235540494893 -0.1016277076230399 0.1536726542866376
 0.4848536898770285 0.4260420762212873 0.3573008888326643 0.05971163132401136 -0.007636826302560185
# name: <cell-element>
# type: matrix
# rows: 1
# columns: 4
 0.01880533798463624 -0.03498998010095306 0.03043877559447372 0.4843546140099652

# name: hiddenUnitsPerLvl
# type: matrix
# rows: 1
# columns: 2
 4 3
