# Created by Octave 3.2.4, Sat May 24 00:21:23 2014 Hora estándar de Argentina <unknown@unknown>
# name: network
# type: cell
# rows: 4
# columns: 1
# name: <cell-element>
# type: matrix
# rows: 0
# columns: 0
# name: <cell-element>
# type: matrix
# rows: 4
# columns: 3
 0.4873046640531656 -0.3913914615462072 0.4676195028190696
 0.1301361711657779 0.241171628815174 -0.1531046072447591
 -0.3819118556101701 -0.4078643408114079 -0.1667264819019159
 -0.03898357719459183 -0.1174308904985136 -0.2559832263389328
# name: <cell-element>
# type: matrix
# rows: 3
# columns: 5
 -0.4487035037996323 0.06164681645403447 0.4391885158341379 0.307759363882053 -0.05673479362636774
 0.425886966418297 0.4631322516904771 -0.3409030756866924 -0.4123721448322828 0.405255287408557
 -0.1322174146526456 -0.0261468842338542 0.1106788296893854 0.3785320334655357 0.003920041646814698
# name: <cell-element>
# type: matrix
# rows: 1
# columns: 4
 0.3123375866070882 0.4083885967692003 0.06178110908853574 -0.09717829926470828

# name: hiddenUnitsPerLvl
# type: matrix
# rows: 1
# columns: 2
 4 3
