# Created by Octave 3.2.4, Sat May 24 00:56:10 2014 Hora estándar de Argentina <unknown@unknown>
# name: network
# type: cell
# rows: 4
# columns: 1
# name: <cell-element>
# type: matrix
# rows: 0
# columns: 0
# name: <cell-element>
# type: matrix
# rows: 4
# columns: 3
 -0.393290026241233 0.3488706625065678 -0.152589524187745
 0.09708475755529034 0.1015322002967758 0.3942527583652206
 -0.3110155598991669 -0.4655965312739768 0.3596887343275419
 0.1832189924836195 -0.309917288204612 0.3253969508940523
# name: <cell-element>
# type: matrix
# rows: 3
# columns: 5
 -0.3317179019154422 0.4082138085120596 -0.3118817504267109 -0.4328943465325015 -0.2386277600660598
 0.28596322209207 0.4073488603409364 -0.1221858446442413 -0.002035004291706055 -0.1199576210807421
 0.0723076535265138 -0.1530364263775785 -0.2031723560191614 -0.3869510218765573 -0.2038665307429521
# name: <cell-element>
# type: matrix
# rows: 1
# columns: 4
 -0.3569979755016822 0.2306722330327237 0.08122713413814275 0.4325501803803621

# name: hiddenUnitsPerLvl
# type: matrix
# rows: 1
# columns: 2
 4 3
