# Created by Octave 3.2.4, Sat May 24 01:30:57 2014 Hora estándar de Argentina <unknown@unknown>
# name: network
# type: cell
# rows: 4
# columns: 1
# name: <cell-element>
# type: matrix
# rows: 0
# columns: 0
# name: <cell-element>
# type: matrix
# rows: 4
# columns: 3
 -0.4101530716441238 0.01867958430833516 0.2672789981265307
 0.02765559081441693 -0.02011651921554986 0.1003230361021014
 -0.4360002561835307 -0.2142987068111026 0.4185061206897445
 -0.215627071799851 0.04213259575587247 0.4964290898858282
# name: <cell-element>
# type: matrix
# rows: 3
# columns: 5
 0.3051277453342924 -0.3241517419461911 -0.1816598659218912 0.1630035810742988 -0.1447575721947467
 -0.4199437847673609 -0.3893687806482043 0.3099164020379785 -0.1689725568711235 -0.3916113322327915
 -0.06085830668346887 0.2380973945673678 0.2564274799742778 0.3407634889251505 -0.4878258852921873
# name: <cell-element>
# type: matrix
# rows: 1
# columns: 4
 -0.166160123508221 0.4518222984564471 -0.4517073587497256 -0.2655849981148266

# name: hiddenUnitsPerLvl
# type: matrix
# rows: 1
# columns: 2
 4 3
