# Created by Octave 3.2.4, Fri May 23 23:06:44 2014 Hora estándar de Argentina <unknown@unknown>
# name: network
# type: cell
# rows: 4
# columns: 1
# name: <cell-element>
# type: matrix
# rows: 0
# columns: 0
# name: <cell-element>
# type: matrix
# rows: 4
# columns: 3
 0.2469643381983782 0.01106580342447827 0.41507562750473
 -0.1094827536184144 -0.393967063382093 -0.06691394677207402
 0.4322168881506946 0.3505486748404265 -0.2082816195413347
 0.4504431153122872 -0.09156500990412325 0.1711675703828032
# name: <cell-element>
# type: matrix
# rows: 3
# columns: 5
 -0.1239821513267754 0.08516794616102652 -0.1948073027834952 0.07761630556006538 -0.1458379803997988
 0.2285844990455785 0.1622515830283769 -0.3425647553916387 0.1036780345837794 -0.3215523439605423
 -0.1862587869720824 0.3194299500388301 -0.04409391610287022 0.1510628655192786 0.2243086328193636
# name: <cell-element>
# type: matrix
# rows: 1
# columns: 4
 -0.416037720662468 -0.4949285880915438 0.445060179375012 0.3860211135119204

# name: hiddenUnitsPerLvl
# type: matrix
# rows: 1
# columns: 2
 4 3
