# Created by Octave 3.2.4, Sat May 24 02:23:09 2014 Hora estándar de Argentina <unknown@unknown>
# name: network
# type: cell
# rows: 4
# columns: 1
# name: <cell-element>
# type: matrix
# rows: 0
# columns: 0
# name: <cell-element>
# type: matrix
# rows: 4
# columns: 3
 -0.131494015321352 -0.1679335332658801 -0.3685366210827962
 0.1196891187385261 0.134410713506425 0.03414092173421912
 0.3397274016283515 -0.4914330424900896 0.02835983808346443
 -0.251117406021019 -0.04940115737363343 0.1472732772693851
# name: <cell-element>
# type: matrix
# rows: 3
# columns: 5
 -0.1962177271363262 0.4608096708937431 -0.1664986302529379 0.2757399338617018 -0.3941840772924164
 0.3662807725590727 0.05879645772406195 0.4831793921711666 -0.1697814768927088 0.2061171491190572
 0.4279533869017744 0.002825094267098427 0.01073690373826219 -0.1253876166733472 0.1109586053586197
# name: <cell-element>
# type: matrix
# rows: 1
# columns: 4
 -0.2382340715798349 0.09675777695116472 0.2918713950444662 0.06576210168181318

# name: hiddenUnitsPerLvl
# type: matrix
# rows: 1
# columns: 2
 4 3
