# Created by Octave 3.2.4, Sat May 24 02:05:47 2014 Hora estándar de Argentina <unknown@unknown>
# name: network
# type: cell
# rows: 4
# columns: 1
# name: <cell-element>
# type: matrix
# rows: 0
# columns: 0
# name: <cell-element>
# type: matrix
# rows: 4
# columns: 3
 0.4512462781246721 0.1466266718382645 -0.03302629115658712
 0.3570480813137306 0.04202488158453987 -0.2656051204093415
 -0.1387716304139087 -0.1153924750204527 0.3705597867718947
 -0.3384583119847783 0.07435776690848617 0.2259018337388142
# name: <cell-element>
# type: matrix
# rows: 3
# columns: 5
 -0.2371562466185158 -0.4701594068446373 0.06691404473479456 -0.4989105134098069 0.1827537935041981
 -0.1298554295862571 0.4697828612590111 0.2230159689450595 -0.1302512745271293 0.04372683007058442
 -0.04340571199372895 0.1383036218281317 0.3731619685736636 0.2626553960071054 0.06182503390647964
# name: <cell-element>
# type: matrix
# rows: 1
# columns: 4
 -0.06590654744850727 0.1461028595766697 0.1213844442076053 0.1036581992296799

# name: hiddenUnitsPerLvl
# type: matrix
# rows: 1
# columns: 2
 4 3
