# Created by Octave 3.2.4, Sat May 24 00:30:06 2014 Hora estándar de Argentina <unknown@unknown>
# name: network
# type: cell
# rows: 4
# columns: 1
# name: <cell-element>
# type: matrix
# rows: 0
# columns: 0
# name: <cell-element>
# type: matrix
# rows: 4
# columns: 3
 0.3484778691733575 -0.06052885373990652 -0.06277980455688476
 -0.4951133227510682 0.225690020175293 0.2189672498696492
 0.1841749967263323 0.1675042920883022 -0.3641380275236147
 0.2539529096033969 -0.2559870703686808 0.3834156359930769
# name: <cell-element>
# type: matrix
# rows: 3
# columns: 5
 -0.4525453346231632 -0.1820717432874532 -0.01728354782428826 0.1075937710289756 0.1996520567279128
 0.1833665575975258 -0.0314554913540776 -0.1781942527571537 0.2217220425935971 -0.3751952226708006
 0.2306043659154058 0.03758007307157574 -0.1900662041966096 -0.4724916083971831 -0.305204568779725
# name: <cell-element>
# type: matrix
# rows: 1
# columns: 4
 0.3189175536034694 -0.04976329250593653 -0.02389132107756248 0.05374166614638409

# name: hiddenUnitsPerLvl
# type: matrix
# rows: 1
# columns: 2
 4 3
