# Created by Octave 3.2.4, Sat May 24 00:17:03 2014 Hora estándar de Argentina <unknown@unknown>
# name: network
# type: cell
# rows: 4
# columns: 1
# name: <cell-element>
# type: matrix
# rows: 0
# columns: 0
# name: <cell-element>
# type: matrix
# rows: 4
# columns: 3
 0.4237727424966291 0.4853673987981513 -0.2225956337945127
 0.1509235797338594 -0.1729191072637208 0.2065720946629823
 0.336272183093306 0.04803723992197317 -0.3604764451248924
 0.03100385496253777 0.3420233583735142 0.2127952905078556
# name: <cell-element>
# type: matrix
# rows: 3
# columns: 5
 0.4124342551523816 0.1268690679584822 0.4369062979048259 -0.1986023263603258 -0.389756343711801
 -0.3976037556798347 -0.1056449260694161 0.4284271266228441 -0.3897581234457941 -0.4032316835520692
 -0.3845150812124982 0.2917492202660834 -0.4874321635658562 -0.4025057633192049 0.02833829590612269
# name: <cell-element>
# type: matrix
# rows: 1
# columns: 4
 -0.1140624105660169 0.3927505020701316 -0.399393161271509 -0.1310134061218065

# name: hiddenUnitsPerLvl
# type: matrix
# rows: 1
# columns: 2
 4 3
