# Created by Octave 3.2.4, Sat May 24 01:52:42 2014 Hora estándar de Argentina <unknown@unknown>
# name: network
# type: cell
# rows: 4
# columns: 1
# name: <cell-element>
# type: matrix
# rows: 0
# columns: 0
# name: <cell-element>
# type: matrix
# rows: 4
# columns: 3
 -0.07252195405338763 0.2964557429142779 0.02194228000425291
 -0.4531033182190312 -0.4606615249040448 0.06879721912949555
 -0.04518343328656932 0.1002076846450433 -0.4225748760422069
 0.1803883274437563 0.27970523743578 0.3244438250907127
# name: <cell-element>
# type: matrix
# rows: 3
# columns: 5
 -0.2737200885034519 0.09256965899040481 0.1382959431340457 -0.1235719092960165 0.02390080628592961
 -0.1222192214091717 0.4544048528674688 0.2406439095131457 0.4007843728869265 -0.3625107881237212
 -0.06350468522792913 0.3356691077503366 -0.03203567268014024 -0.3571607058947415 -0.1666734536177315
# name: <cell-element>
# type: matrix
# rows: 1
# columns: 4
 -0.4796692096277256 -0.4729277341071043 -0.4003872465333918 -0.2707640981813667

# name: hiddenUnitsPerLvl
# type: matrix
# rows: 1
# columns: 2
 4 3
