# Created by Octave 3.2.4, Sat May 24 02:36:08 2014 Hora estándar de Argentina <unknown@unknown>
# name: network
# type: cell
# rows: 4
# columns: 1
# name: <cell-element>
# type: matrix
# rows: 0
# columns: 0
# name: <cell-element>
# type: matrix
# rows: 4
# columns: 3
 -0.3806562060544376 -0.2434155019271609 -0.4674660206709468
 0.1061870593176899 0.4163208927989511 -0.121398171499612
 -0.3297172345776985 -0.09499876145307135 0.4212331507562003
 0.06487150440283862 0.2375041725822625 0.2933189329547886
# name: <cell-element>
# type: matrix
# rows: 3
# columns: 5
 -0.06722751900929475 -0.09683272565514173 0.1543658468042157 0.05032822755024802 -0.04973173082045895
 0.4168726268028971 -0.06533347613899115 -0.1924548584991372 -0.2342609195041149 0.2251660383092053
 -0.425314391309088 -0.4542444172250346 0.3103150003833594 -0.2769036042225005 -0.4418804279459195
# name: <cell-element>
# type: matrix
# rows: 1
# columns: 4
 0.4097115495771003 0.4786556300434773 0.435919480753273 0.2969589559057273

# name: hiddenUnitsPerLvl
# type: matrix
# rows: 1
# columns: 2
 4 3
