# Created by Octave 3.2.4, Sat May 24 00:47:28 2014 Hora estándar de Argentina <unknown@unknown>
# name: network
# type: cell
# rows: 4
# columns: 1
# name: <cell-element>
# type: matrix
# rows: 0
# columns: 0
# name: <cell-element>
# type: matrix
# rows: 4
# columns: 3
 -0.436809941466048 -0.1331599289313942 0.3890231139484682
 -0.1824593035034336 0.005647085534834506 0.1083804837598928
 0.4136986364127756 -0.3137630104405649 0.4914368957823225
 0.1662445438569425 -0.3256587247999354 -0.1340692023495982
# name: <cell-element>
# type: matrix
# rows: 3
# columns: 5
 -0.4838115884471894 0.400995762983087 0.2582863571019953 -0.2198798017720373 0.326070703763749
 0.06886553177531629 -0.1952514777051085 -0.2899777151936581 0.2441234430361763 0.2468310701208651
 -0.1379740242744259 0.4572798007923602 -0.1721365343401065 -0.434568051826512 -0.492261877091031
# name: <cell-element>
# type: matrix
# rows: 1
# columns: 4
 0.03457036467509245 -0.4840815125762079 0.4368211542541017 0.2359924522573982

# name: hiddenUnitsPerLvl
# type: matrix
# rows: 1
# columns: 2
 4 3
