# Created by Octave 3.2.4, Sat May 24 00:08:22 2014 Hora estándar de Argentina <unknown@unknown>
# name: network
# type: cell
# rows: 4
# columns: 1
# name: <cell-element>
# type: matrix
# rows: 0
# columns: 0
# name: <cell-element>
# type: matrix
# rows: 4
# columns: 3
 -0.1073748755987003 -0.3933844829707407 0.1400435087574778
 -0.09154731466704696 0.1297270805937557 -0.3243198172587269
 0.2485456151356631 0.1299509651157614 -0.416052867982892
 -0.2249654334332756 0.3526408150330331 0.09950315751039673
# name: <cell-element>
# type: matrix
# rows: 3
# columns: 5
 -0.09498379216536063 -0.124647065932235 0.4491849618725555 -0.06223835917790638 0.3572285408846528
 0.3448202965795141 0.0720615228789756 -0.1997724991248157 0.3218902794120012 -0.3987700249147717
 0.06553432986106356 -0.4156434530551635 -0.3481129544084036 -0.4151718533116983 -0.479639016498649
# name: <cell-element>
# type: matrix
# rows: 1
# columns: 4
 0.4979137211420331 -0.1080094669017482 -0.467820617424488 0.4991984559552306

# name: hiddenUnitsPerLvl
# type: matrix
# rows: 1
# columns: 2
 4 3
