# Created by Octave 3.2.4, Sat May 24 00:51:49 2014 Hora estándar de Argentina <unknown@unknown>
# name: network
# type: cell
# rows: 4
# columns: 1
# name: <cell-element>
# type: matrix
# rows: 0
# columns: 0
# name: <cell-element>
# type: matrix
# rows: 4
# columns: 3
 0.1323720713209332 -0.03584134925852051 0.1632024908201507
 -0.04528890954738302 -0.4991077076010106 -0.1480784598280838
 0.40018366983582 -0.1790501260638398 -0.1371507466085891
 0.1232434614907668 -0.3666176125385571 0.2055764646022292
# name: <cell-element>
# type: matrix
# rows: 3
# columns: 5
 0.05221629357825541 -0.1304764928959095 -0.3007805379204747 0.3857193438418585 0.4824329299683234
 -0.498942336408639 0.2556101751185886 0.3608145108793035 0.4463730966430765 0.1715228071038164
 -0.3409936690446578 -0.04085322370488348 -0.1880383168384518 -0.3231747201384915 0.1038717196281004
# name: <cell-element>
# type: matrix
# rows: 1
# columns: 4
 -0.08300778537570636 0.1121790107983685 0.06650707152355961 0.3791888350906052

# name: hiddenUnitsPerLvl
# type: matrix
# rows: 1
# columns: 2
 4 3
