# Created by Octave 3.2.4, Fri May 23 23:42:07 2014 Hora estándar de Argentina <unknown@unknown>
# name: network
# type: cell
# rows: 4
# columns: 1
# name: <cell-element>
# type: matrix
# rows: 0
# columns: 0
# name: <cell-element>
# type: matrix
# rows: 4
# columns: 3
 0.2720581197597194 -0.2027766656670938 -0.3637736890102177
 0.2636535846844735 -0.004132488871313955 -0.322832431332102
 0.04413306616802315 -0.4695479913937735 0.4917090827738171
 -0.4924090409457297 -0.2216431402560922 -0.2277091075590867
# name: <cell-element>
# type: matrix
# rows: 3
# columns: 5
 0.3009095143360696 -0.1847496178217899 0.003943768315676 -0.2521378181736945 -0.3221431575868821
 0.1337609793613179 0.2914993941515603 -0.3173124080419327 0.411065443312046 0.1630903619101641
 -0.4249861873433246 0.2866429724320084 -0.09870009598085899 -0.4596069228537684 -0.306000311599288
# name: <cell-element>
# type: matrix
# rows: 1
# columns: 4
 0.1686167541435419 0.1167752008563632 0.391792696862661 0.2844817887687275

# name: hiddenUnitsPerLvl
# type: matrix
# rows: 1
# columns: 2
 4 3
