# Created by Octave 3.2.4, Fri May 23 23:46:33 2014 Hora estándar de Argentina <unknown@unknown>
# name: network
# type: cell
# rows: 4
# columns: 1
# name: <cell-element>
# type: matrix
# rows: 0
# columns: 0
# name: <cell-element>
# type: matrix
# rows: 4
# columns: 3
 -0.09396816829523341 -0.4146188209204478 -0.2627773091858541
 -0.4917842186083495 0.00413876562818527 0.2769364614980742
 -0.2177439225709687 -0.2377176933137121 -0.2238641994636343
 -0.1907656163254881 -0.03330373072973852 0.1222329082307653
# name: <cell-element>
# type: matrix
# rows: 3
# columns: 5
 -0.2879888689471545 -0.3336271154181029 0.3614078437533405 -0.06449432873920619 -0.09679452912055503
 0.3601290728302173 0.05986913563634633 0.4082951826717207 -0.4169345841891844 0.1083325932684377
 0.4070037863189973 -0.1057241241302148 -0.4565954255393479 0.2763544827140089 0.1570020507339736
# name: <cell-element>
# type: matrix
# rows: 1
# columns: 4
 0.3542056289775019 0.2514315640517584 -0.4958129625809869 -0.3325280118156688

# name: hiddenUnitsPerLvl
# type: matrix
# rows: 1
# columns: 2
 4 3
