# Created by Octave 3.8.0, Fri May 02 01:11:20 2014 ART <alexism@MacBook-Pro-de-Alexis.local>
# name: MAX_EPOC
# type: scalar
2000


# name: train_error
# type: matrix
# rows: 1
# columns: 2000
 0.1582059423829774 0.1204710650640191 0.106090506807894 0.09701442743519864 0.08521750929933766 0.07137148902428241 0.05708357769843145 0.04403663458889252 0.03383785910910532 0.02687895602324569 0.02238834545635337 0.01943023763833262 0.01739010450824158 0.01592929190888481 0.01486047602881814 0.01407088501710128 0.01348532375633751 0.01304987425244407 0.01272469293336221 0.01248029238838286 0.01229505342625685 0.01215327256321692 0.01204359795045042 0.01195782063441857 0.01188997809263561 0.01183570924355256 0.0117917983164295 0.01175585425010073 0.01172608493175888 0.01170113714181179 0.01167998203860854 0.01166183241907283 0.01164608237062097 0.01163226287175382 0.01162000887068006 0.01160903470279612 0.01159911561779052 0.01159007381735696 0.01158176784643036 0.01157408449403782 0.0115669325837378 0.01156023819486529 0.0115539409727386 0.01154799127138198 0.01154234793514029 0.01153697657213288 0.01153184820728631 0.01152693822888021 0.01152222556240001 0.01151769202064063 0.01151332179062244 0.01150910102682427 0.01150501752714082 0.01150106047331108 0.01149722022169514 0.0114934881334744 0.01148985643582356 0.01148631810751458 0.01148286678388824 0.01147949667726745 0.01147620250976237 0.01147297945609222 0.01146982309456757 0.01146672936477543 0.01146369453081696 0.01146071514918368 0.01145778804054122 0.01145491026483061 0.01145207909920755 0.01144929201842586 0.01144654667733902 0.01144384089524751 0.01144117264186212 0.01143854002468865 0.01143594127766664 0.01143337475091861 0.01143083890148532 0.01142833228493811 0.01142585354777391 0.01142340142050903 0.01142097471139866 0.01141857230071697 0.01141619313554046 0.0114138362249835 0.01141150063584106 0.01140918548859798 0.01140688995376937 0.01140461324853966 0.01140235463367215 0.01140011341066345 0.01139788891911994 0.01139568053433574 0.01139348766505421 0.01139130975139626 0.01138914626294089 0.01138699669694456 0.01138486057668784 0.01138273744993806 0.01138062688751875 0.01137852848197682 0.01137644184633979 0.01137436661295573 0.01137230243240945 0.01137024897250915 0.01136820591733805 0.01136617296636615 0.01136414983361764 0.01136213624689001 0.011360131947021 0.01135813668720002 0.01135615023232093 0.01135417235837344 0.01135220285187016 0.01135024150930729 0.01134828813665641 0.01134634254888537 0.01134440456950652 0.0113424740301503 0.01134055077016271 0.01133863463622511 0.01133672548199487 0.01133482316776574 0.01133292756014652 0.01133103853175698 0.01132915596094014 0.01132727973148971 0.01132540973239176 0.01132354585758011 0.01132168800570416 0.01131983607990883 0.01131798998762571 0.01131614964037476 0.01131431495357607 0.01131248584637103 0.01131066224145245 0.01130884406490288 0.01130703124604116 0.01130522371727617 0.0113034214139679 0.01130162427429498 0.01129983223912881 0.01129804525191339 0.01129626325855103 0.01129448620729334 0.01129271404863731 0.01129094673522618 0.01128918422175494 0.0112874264648801 0.01128567342313362 0.01128392505684061 0.01128218132804089 0.01128044220041398 0.01127870763920742 0.01127697761116823 0.01127525208447746 0.01127353102868753 0.01127181441466241 0.01127010221452019 0.01126839440157829 0.01126669095030098 0.0112649918362491 0.01126329703603192 0.01126160652726109 0.01125992028850643 0.01125823829925367 0.01125656053986385 0.01125488699153453 0.01125321763626245 0.01125155245680789 0.01124989143666037 0.01124823456000575 0.0112465818116949 0.01124493317721319 0.01124328864265175 0.01124164819467943 0.01124001182051622 0.01123837950790752 0.01123675124509963 0.01123512702081602 0.01123350682423467 0.01123189064496637 0.01123027847303374 0.01122867029885113 0.01122706611320544 0.01122546590723753 0.01122386967242444 0.01122227740056233 0.01122068908375015 0.01121910471437379 0.011217524285091 0.01121594778881693 0.01121437521871007 0.01121280656815899 0.01121124183076939 0.0112096810003518 0.01120812407090973 0.01120657103662829 0.0112050218918633 0.01120347663113071 0.01120193524909671 0.01120039774056797 0.0111988641004824 0.0111973343239003 0.0111958084059958 0.01119428634204878 0.01119276812743693 0.01119125375762836 0.01118974322817438 0.01118823653470254 0.01118673367291017 0.01118523463855793 0.01118373942746389 0.01118224803549769 0.01118076045857498 0.01117927669265222 0.01117779673372156 0.01117632057780605 0.01117484822095501 0.01117337965923968 0.01117191488874896 0.01117045390558546 0.01116899670586169 0.01116754328569643 0.01116609364121126 0.01116464776852733 0.01116320566376217 0.01116176732302684 0.01116033274242304 0.01115890191804046 0.01115747484595431 0.01115605152222295 0.01115463194288558 0.01115321610396018 0.01115180400144153 0.01115039563129929 0.01114899098947627 0.01114759007188682 0.01114619287441519 0.01114479939291425 0.01114340962320399 0.0111420235610704 0.01114064120226426 0.01113926254250017 0.01113788757745543 0.01113651630276933 0.01113514871404218 0.01113378480683472 0.01113242457666738 0.01113106801901974 0.01112971512932996 0.01112836590299442 0.01112702033536728 0.01112567842176013 0.01112434015744183 0.01112300553763821 0.01112167455753194 0.0111203472122625 0.01111902349692604 0.01111770340657542 0.01111638693622028 0.01111507408082711 0.01111376483531939 0.01111245919457775 0.01111115715344025 0.01110985870670253 0.01110856384911817 0.01110727257539906 0.01110598488021561 0.0111047007581973 0.01110342020393296 0.01110214321197131 0.01110086977682139 0.01109959989295309 0.01109833355479761 0.01109707075674807 0.01109581149316006 0.01109455575835219 0.01109330354660672 0.01109205485217024 0.01109080966925419 0.01108956799203558 0.01108832981465773 0.01108709513123088 0.01108586393583282 0.01108463622250975 0.01108341198527691 0.0110821912181193 0.01108097391499246 0.01107976006982322 0.01107854967651039 0.01107734272892559 0.01107613922091398 0.01107493914629508 0.01107374249886342 0.01107254927238946 0.01107135946062032 0.0110701730572805 0.01106899005607276 0.01106781045067882 0.01106663423476022 0.01106546140195904 0.01106429194589869 0.01106312586018475 0.01106196313840565 0.0110608037741335 0.01105964776092488 0.01105849509232156 0.01105734576185129 0.01105619976302852 0.0110550570893552 0.01105391773432151 0.01105278169140655 0.01105164895407915 0.01105051951579854 0.01104939337001508 0.01104827051017098 0.01104715092970098 0.01104603462203307 0.01104492158058915 0.01104381179878573 0.01104270527003454 0.01104160198774326 0.01104050194531611 0.01103940513615454 0.01103831155365775 0.01103722119122342 0.01103613404224825 0.01103505010012861 0.01103396935826101 0.01103289181004277 0.01103181744887254 0.01103074626815086 0.0110296782612807 0.01102861342166794 0.01102755174272189 0.01102649321785587 0.01102543784048755 0.01102438560403957 0.01102333650193989 0.01102229052762234 0.01102124767452693 0.01102020793610038 0.01101917130579649 0.01101813777707652 0.01101710734340962 0.01101607999827317 0.01101505573515311 0.01101403454754439 0.01101301642895118 0.01101200137288728 0.01101098937287637 0.01100998042245235 0.01100897451515963 0.01100797164455335 0.01100697180419966 0.01100597498767599 0.01100498118857131 0.01100399040048622 0.01100300261703332 0.01100201783183732 0.01100103603853525 0.0110000572307766 0.01099908140222358 0.0109981085465511 0.01099713865744712 0.01099617172861259 0.01099520775376169 0.01099424672662185 0.01099328864093397 0.01099233349045232 0.01099138126894477 0.01099043197019281 0.01098948558799157 0.01098854211614986 0.01098760154849025 0.01098666387884907 0.0109857291010764 0.01098479720903611 0.01098386819660582 0.01098294205767693 0.01098201878615451 0.01098109837595738 0.01098018082101794 0.01097926611528227 0.01097835425270993 0.01097744522727397 0.01097653903296084 0.01097563566377028 0.01097473511371528 0.01097383737682195 0.01097294244712939 