# Created by Octave 3.8.0, Fri May 02 19:38:55 2014 ART <jugutier@Jugumac.local>
# name: test_error
# type: matrix
# rows: 1
# columns: 400
 0.0002023911644310822 0.0003901133281584991 0.002100037844942653 0.004370872606734411 0.02038655937287633 0.01636247882699187 0.006449260518089014 0.0008121338684995494 0.00118736368998339 0.002581369742144539 0.03458958486990511 0.002184066619349985 0.009105930449771432 0.009746827573779577 0.0002921931027628756 0.01147459079053932 0.06883143970076612 0.01048609942855359 0.007183760277071951 0.01092775510090268 0.0006492064511762548 0.003292226979477118 0.0175884273733648 2.39735904804848e-05 0.004973477117454064 0.02673920492797697 0.006615484540048415 0.005051831672832065 0.003775280046300754 0.004466085764467542 0.0005634368351451916 0.03949494138951962 7.857077795234514e-05 0.01347481678516463 0.007097903624958818 0.002060395180468501 0.005103486877819328 3.408945457144119e-05 0.08227807284541319 0.005791107793140217 4.711434675198929e-06 2.252017417882241e-05 0.0006632582469529523 0.03263256099203082 0.02455942304969351 0.00221357226918491 0.008352288263868734 3.613104969300626e-07 0.000433168700708285 0.01510890154007148 0.1217659976763773 0.004443736468116387 0.0002455565864528392 0.004534284366082759 0.104758002152374 0.001927871497017962 0.0007326231277831844 0.005387572046505801 0.001867951322912373 0.005109705826700614 0.01688999564682622 0.01848823311102357 4.57116872366358e-06 0.003950710159330117 0.2383978965554022 0.006486685321903505 0.004110038459542985 0.006140527401357407 0.01189547402254724 0.005641556053900616 0.0009417725137748685 7.323356731205576e-06 0.04209618051624726 0.004968557916030443 0.08618133378984526 0.05356631664522481 0.0002169491456256245 0.003764061232180184 0.00277981571858028 0.01118821521865139 9.255949100618505e-06 0.007661240844526261 6.955448363722408e-07 0.004791958246546236 0.000675460738791274 0.007687013846417414 0.005484184290957378 0.009460853747650178 0.004107455553402833 5.051231715738355e-05 0.1830732089456431 0.0005792887279744646 0.0003507402339737877 0.0003062041446633602 0.0004979238736792782 0.000860197855173572 0.004382779321290158 0.0001894753972355184 1.553972054297363e-05 5.688177470631493e-06 0.001329295473665838 0.0006617970895473445 0.0003700848190068646 0.009488218707006103 0.006691992032341196 0.003226370661045979 0.005021993763454488 0.01538876386661062 0.002070128342977361 0.007482331914543268 0.0117431925827918 0.001509687593917023 0.00292076044552439 0.0003211702434074894 0.002483074494683146 0.003042025184724057 0.01045496275749648 0.01001356262095712 0.004150057274259608 0.003166304452986993 0.08126734075761334 9.456045567237107e-05 0.003482397570215763 0.002712224152681327 1.12882807666917e-06 0.0005795412541456942 0.01209133632162022 0.009661631014939982 0.01548229578137563 0.00375221264628149 0.009058024097250893 0.003748249862830963 0.01527368203161883 0.007288674027260467 0.01005238199127556 0.02160606448147307 0.002291196535691021 0.009604513683727601 0.0006116715276788471 0.02245293696983192 0.0006780656399658501 0.009210212024068225 0.001738849266995518 2.647341217389719e-05 0.00144668268507981 0.007897526557584163 0.003164516756555218 0.00897359536324484 0.0002505096458450101 0.06490213055396842 0.002890982939712564 0.00840941260844596 0.002931843105784904 0.003709443422018777 2.192168008024104e-05 5.500268047330762e-05 0.01373043821424614 0.001769781999547409 0.003294049320757487 7.491114549158181e-05 0.0004145365989370429 0.0006083182606679442 0.00387059571368888 0.1718918751417016 0.009905384969734327 0.0007012571668637481 0.002657214916283267 0.0001924694859298529 0.006800323182706461 0.1496013658883996 0.0898910632866651 0.01001683456151135 5.30121730722234e-06 0.1697363002162565 0.004160258554718035 0.006838964738957619 0.005060667587811014 0.0358359296748346 0.0006803385256564255 0.009699967369005774 0.02864537891864533 1.883385874112659e-05 0.0004959509696489817 0.1014190208922478 0.008001607157663281 0.0006559243925822634 2.309866523607735e-05 0.003299847198546023 0.005326640977135505 0.1135857036289055 0.005202729665764358 0.009397763906717099 0.001192695172222108 0.01062735552556692 0.0007680594617914528 0.002913681564086544 0.00196396688575235 0.005542398122681448 0.001657752963320234 0.02041600850562651 0.002400221981367492 0.0003999572827042164 0.000639828628734449 0.00406672242087377 0.0001814585968747647 0.1755509596301903 0.0002766008544002076 0.001279514768120646 0.004077441501383791 0.0007508080916338246 0.0006567561663685506 0.05174295148985611 9.951014745196974e-05 0.004312139621423147 0.01011048744656424 0.005049971153708701 0.0004622375909254714 1.661288319404896e-05 6.176005620173166e-05 0.02238453898961487 0.0003786635284086041 0.003196837780252307 0.001127016357353211 3.625337317854516e-05 0.04988409027882076 0.0005720526634769642 0.002279965606778658 0.01571933281248335 0.0003425567853567245 0.2212146978235439 0.007551011732874226 0.002561998582068462 0.004290822433075926 0.007770602439884366 0.002204784456012692 0.0161693963183112 0.0001067449266195412 0.0002505806209202839 0.02229132374176441 0.1550276743536631 0.01389493361520456 0.0005565812643371331 0.02359890371883296 0.0002153599203649186 0.001229346236339327 0.01140403985035305 0.0003355825588109267 0.001596653222481741 0.002555508251238098 0.004565116237989796 0.0146582826242849 0.003602093582552623 0.008661217568757961 0.06696247717086773 0.001954539756726618 6.592093729684529e-06 0.02160311053335635 0.00186174907828869 0.113318844804167 0.0002209749452105364 0.0003471656643012459 0.001398215679584896 0.006242731339368326 0.0004194986487608453 0.03294987926143714 0.0003087848835202662 0.001487765186424509 0.001846724286333374 0.006956839341246372 0.01159271133810135 0.001975256401519025 0.05557842925231868 0.0001728620699511913 0.1220193459244343 0.005366552447839144 0.1335322256974853 0.0006534959435280375 0.0001908061760710684 0.004301198545772801 0.01275911207509235 0.004806486161942268 7.942062844736082e-05 0.1096346398685335 0.2704343819915121 0.2775289850186116 0.01066409169679285 0.0005622381205960977 0.2961836202150972 0.0003162485667547642 0.0007941588548990536 0.03227802205766615 0.0001827832651579768 0.005122702408296804 0.003922266359930131 0.01855398257368039 1.084595147869898e-06 0.01587506058459161 0.005229267568055942 0.0003650555285264713 0.0002045995327939432 0.001321792110073678 0.1571848650091172 0.002783415880928338 0.021357920951384 0.002683410201916399 0.001143486736971975 3.467997276035566e-06 2.835358398578512e-05 0.0001361738460981465 0.008660815466584766 0.006653777846984223 0.0008523028118695949 4.711841330803649e-05 0.009025302208988945 0.004075509966751188 0.05304700172163006 0.03177729458287605 0.0008998501140803172 0.1543381485430812 0.01756051973557059 0.003041732758591518 0.0007661732679903045 0.00762923638948876 0.004865374824137647 0.0007909453558400938 0.008652299810251333 0.01358541743915126 0.0256316896870576 0.006016178556233077 0.004581537874045926 0.00954135802658004 0.0002973431712017952 0.00580042839635477 0.01783191989660928 0.006174932607227819 0.003066470234729457 3.158904185305144e-05 0.007312777611978879 0.0009080893308794845 0.0009277953281106961 0.002398013515929874 0.005525056899702195 0.01882374414101158 0.0008116320448008597 0.003654131889359029 0.005305391675769827 0.0106744345379386 0.00391785020116469 6.259011869419844e-05 2.621101796665825e-05 0.21259138369701 0.002020745770852343 0.02505833947470814 0.003275326158589275 0.01396135532468805 6.636331828512448e-09 1.908470526569598e-05 0.005165264026775187 0.007028818610703419 1.471216617101133e-05 0.002865566006155445 0.01489624666915425 0.0003277658005353849 0.006581096347257332 0.02661235755882261 3.779461028312916e-05 0.2483002392579631 0.006311808501315827 0.002797375832065931 0.1022471027308126 0.004877358098846919 2.4483263666047e-05 0.0665679559444556 0.002227311453770167 0.00463432113771446 0.04865807087239185 