# Created by Octave 3.8.0, Fri May 02 01:11:20 2014 ART <alexism@MacBook-Pro-de-Alexis.local>
# name: trainedNetwork
# type: cell
# rows: 4
# columns: 1
# name: <cell-element>
# type: matrix
# rows: 0
# columns: 0


# name: <cell-element>
# type: matrix
# rows: 4
# columns: 3
 0.2255917775807331 2.016443124017908 0.05584786893823234
 -0.1812585323521309 6.534579651926434 0.4261852315749728
 -2.216959439782263 2.650489720011651 -0.0005144985303728461
 1.885073715995828 2.632060322226682 -0.1252427628001898


# name: <cell-element>
# type: matrix
# rows: 3
# columns: 5
 0.2550404554566759 2.262661666058765 5.940747102773226 3.908405826894885 4.221310179782882
 -1.336931513800103 1.207094328977853 0.03297584079389108 2.075741656842547 0.9520817749696269
 0.6740950774268769 1.332016785366924 -0.2547238816604057 0.8221290897244101 1.961731885070883


# name: <cell-element>
# type: matrix
# rows: 1
# columns: 4
 -0.1419780067602144 2.580814530468452 -1.666769851491003 -1.648716473624728





# name: hiddenUnitsPerLvl
# type: matrix
# rows: 1
# columns: 2
 4 3


