# Created by Octave 3.8.0, Fri May 02 00:46:12 2014 ART <jugutier@Jugumac.local>
# name: MAX_EPOC
# type: scalar
1000


# name: train_error
# type: matrix
# rows: 1
# columns: 1000
 0.119199641761504 0.1068971273734338 0.1037961818226005 0.1009250589172498 0.09713949696083507 0.09211735512474996 0.08565615395227374 0.07732701728429417 0.06608516315452251 0.05470116459841123 0.04457897885400964 0.03650128899225924 0.03048686213526625 0.02604210135623732 0.02243282884338694 0.01990087007970808 0.01806869181510645 0.01670385584388581 0.01566360564428879 0.01496786363346962 0.01425491470928231 0.01370723227536445 0.01328335666305965 0.0129519831658878 0.01269045745279009 0.01263939209124875 0.01245600350176845 0.01231226972504772 0.01219805386474026 0.01210629113074802 0.01203178975632047 0.01217756452407033 0.01212098935480755 0.01208109609425514 0.01204824557223215 0.0120208709746249 0.01199775775600461 0.01197798685737119 0.01224599203514123 0.01222916606353222 0.01221873880657379 0.01220889553908755 0.01219941908471239 0.0121902830180497 0.01218146893918277 0.01252869313633398 0.01253867566902016 0.01251846998997218 0.01250871829820072 0.01249969832955754 0.01249047893262712 0.01248117393076304 0.01247185446781743 0.01291343764763843 0.01295481483064153 0.0129171920178411 0.01289757967143291 0.01288059451409975 0.01286379173199371 0.01284718720360131 0.01283079771112048 0.01341136064910193 0.01345237451306304 0.01338877047972035 0.01334498132026234 0.01330455925735324 0.01326626315462676 0.01323002087112981 0.01319570782657115 0.01386451562145071 0.01383972405087154 0.01378190632120467 0.0137078812329404 0.01363600565321141 0.01357059228344639 0.01351192112931995 0.01422096001245692 0.01407130553147635 0.01402383127866318 0.01389297821354644 0.01379995042617618 0.01372718364649753 0.01366421262191057 0.01438107027194358 0.01417519287628342 0.01418982817762793 0.01388895105927253 0.01392427938956073 0.01372667705398673 0.0137573888762756 0.01361242297610313 0.01361298069953391 0.01351653707616276 0.01348931539495346 0.01409653018360047 0.01400969656103369 0.01372280167888077 0.01396210284295377 0.01358024500261234 0.01381931276807537 0.01348797372915878 0.01360474637453291 0.01342636241702121 0.01343639271871653 0.01335782338129278 0.01387221881004416 0.01375981078750647 0.01361624934425015 0.01368949608824483 0.01350359955367131 0.0135581454270926 0.01342068086706256 0.01342460275819695 0.01334757854884038 0.01332364208609068 0.0137606285520348 0.0136340859869313 0.0135858136192031 0.01355264526354753 0.01350270473158052 0.0134715440390512 0.01342865673187144 0.01386146949832886 0.01372645670375902 0.01369502441466259 0.01363330866756346 0.01361626643587257 0.01354541571925415 0.01354169019034331 0.01390132766987187 0.01386399357276783 0.01376239810580516 0.01394384321778762 0.01377133136386306 0.014033528930422 0.01363202973157766 0.01373386646944996 0.01350880095621121 0.01354014511756553 0.01344115632869537 0.01344604727471235 0.01338996642512091 0.01337933178968443 0.01334454271926674 0.01332624052926734 0.01330118401747376 0.01328096316205747 0.01325999427993226 0.01324052259398118 0.01322160830214021 0.01320349104180931 0.01318603157827288 0.01316920670245029 0.01315296955224572 0.01313728350957036 0.01312211414242378 0.01310742996675686 0.01309320165091809 0.01307940159148444 0.01306600360339873 0.01305298277244201 0.01304031544754817 0.01302797933406808 0.01301595363757134 0.0130042192088028 0.01299275865131673 0.01298155636951315 0.01297059855115598 0.01295987309111676 0.01294936947036747 0.01293907860643457 0.01292899269010311 0.01291910501990306 0.01290940984227087 0.01289990220213525 0.01289057780636874 0.01288143290105703 0.01287246416267605 0.01286366860281139 0.01285504348582038 0.01284658625870712 0.01283829449239003 0.01283016583346583 0.01282219796551127 0.01281438857891928 0.01280673534824531 0.01279923591604609 0.0127918878822264 0.01278468879796475 0.01277763616336329 0.01277072742805202 0.01276395999406911 0.01275733122043083 0.01275083842889465 0.01274447891050243 0.01273824993256641 0.01273214874582921 0.01272617259158715 0.01272031870861699 0.01271458433978837 0.01270896673827904 0.01270346317333856 0.01269807093556869 0.01269278734170652 0.01268760973891047 0.01268253550855909 0.01267756206958064 0.01267268688133643 0.01266790744608467 0.01266322131105306 0.01265862607015029 0.01265411936534557 0.01264969888774618 0.01264536237840049 0.01264110762885425 0.01263693248148502 0.01263283482963934 0.01262881261759428 0.01262486384036452 0.0126209865433733 0.01261717882200533 0.01261343882105671 0.01260976473409665 0.0126061548027539 0.0126026073159395 0.01259912060901629 0.012595693062925 0.01259232310327482 0.01258900919940626 0.012585749863433 0.01258254364926846 0.01257938915164234 0.0125762850051119 0.01257322988307169 0.01257022249676553 0.01256726159430363 0.0125643459596875 0.012561474411845 0.01255864580367739 0.01255585902112011 0.01255311298221859 0.01255040663622033 0.01254773896268408 0.01254510897060705 0.01254251569757063 0.01253995820890505 0.01253743559687339 0.0125349469798752 0.01253249150166977 0.01253006833061903 0.01252767665895017 0.01252531570203791 0.01252298469770611 0.01252068290554862 0.01251840960626921 0.01251616410103993 0.01251394571087834 0.01251175377604236 0.01250958765544314 0.01250744672607523 0.01250533038246367 0.01250323803612789 0.01250116911506161 0.0124991230632288 0.01249709934007489 0.01249509742005317 0.01249311679216579 0.01249115695951898 0.0124892174388922 0.01248729776032072 0.01248539746669136 0.01248351611335095 0.01248165326772711 0.01247980850896094 0.01247798142755165 0.01247617162501218 0.01247437871353593 0.01247260231567403 0.012470842064023 0.01246909760092239 0.01246736857816194 0.01246565465669836 0.01246395550638102 0.01246227080568653 0.01246060024146171 0.01245894350867507 0.01245730031017602 0.01245567035646202 0.01245405336545303 0.0124524490622735 0.0124508571790411 0.01244927745466243 0.01244770963463525 0.01244615347085711 0.01244460872144015 0.01244307515053185 0.01244155252814154 0.01244004062997257 0.01243853923725988 0.01243704813661269 0.01243556711986238 0.01243409598391533 0.0124326345306102 0.01243118256658018 0.01242973990311944 0.01242830635605387 0.01242688174561611 0.01242546589632441 0.01242405863686556 0.01242265979998144 0.01242126922235919 0.01241988674452501 0.01241851221074118 0.01241714546890651 0.01241578637045986 0.01241443477028675 0.01241309052662895 0.01241175350099684 0.01241042355808463 0.01240910056568817 0.01240778439462539 0.01240647491865917 0.01240517201442264 0.01240387556134679 0.01240258544159028 0.01240130153997151 0.01240002374390255 0.01239875194332537 0.01239748603064978 0.0123962259006933 0.01239497145062291 0.01239372257989835 0.0123924791902173 0.01239124118546206 0.01239000847164771 0.01238878095687197 0.01238755855126633 0.01238634116694864 0.01238512871797695 0.01238392112030476 0.01238271829173747 0.01238152015188992 0.01238032662214525 0.01237913762561469 0.01237795308709854 0.01237677293304811 0.01237559709152866 0.01237442549218329 0.01237325806619766 0.01237209474626579 0.01237093546655645 0.01236978016268053 0.01236862877165911 0.01236748123189231 0.01236633748312888 0.01236519746643645 0.01236406112417239 0.0123629283999555 0.0123617992386381 0.01236067358627883 0.01235955139011606 0.01235843259854173 0.01235731716107587 0.01235620502834151 0.01235509615204014 0.01235399048492768 0.01235288798079084 0.01235178859442403 0.01235069228160656 0.01234959899908047 0.01234850870452855 0.01234742135655281 0.01234633691465352 0.01234525533920837 0.01234417659145208 0.0123431006334565 0.01234202742811077 0.01234095693910212 0.01233988913089687 0.01233882396872156 0.0123377614185448 0.01233670144705905 0.01233564402166288 0.01233458911044357 0.01233353668215983 0.01233248670622496 0.01233143915269025 0.0123303939922286 0.01232935119611845 0.01232831073622804 0.01232727258499986 0.01232623671543537 0.01232520310108002 