# Created by Octave 3.8.0, Fri May 02 00:46:12 2014 ART <jugutier@Jugumac.local>
# name: test_error
# type: matrix
# rows: 1
# columns: 172
 0.0005212131001516595 0.007411520391835068 0.0005213884278599329 0.0005212131001516595 0.001087366764948176 0.002068035424764145 0.002683836910035831 0.006256597235588712 0.001345493031622279 0.002153886097145863 0.005609050239144037 0.06464539788266066 0.006644027423531122 0.002516091274145471 0.002236585586555471 0.000394912927330601 0.01414659404389353 0.008150084082678775 0.004739511580644356 0.121211684658186 0.01655394664067833 0.006453794197535632 0.0103805319907547 0.139258054440606 0.01190553279656252 0.001231432992325782 0.002374836052124303 0.002162321896467222 7.635010286611118e-05 0.0005068494544409435 0.002721674693183262 0.007304729725842133 0.0005212131001516595 0.0005688896825228464 0.0008053078224299663 0.002670767527367566 0.01828689032888994 0.02241476582730051 0.00073487209048434 0.0005212131001516595 0.1237174819570659 0.01638880452110174 0.001486056391193667 0.00966371639122942 0.007448927885606057 0.08835975010379739 0.001074110554735763 0.00120966551434162 0.001706058258719189 0.01788622310095998 0.0001923861704249516 0.0008916122943742564 0.002947160910332945 0.001694136589734522 0.001641303885155035 0.005367950644301709 0.01000055691011229 0.007112560445428829 0.004936670807023547 0.0005212131001516595 0.001591034087355782 0.001827169203066471 0.01628988824791546 0.01211671864058091 0.007033502784560573 0.007590332135524266 0.0005212131001516595 0.004117258025068954 0.004317147265307382 0.0001165902146352335 0.008729229951692256 0.001876431848150101 0.005664805181811883 0.01170611631883418 0.0005498067654939807 0.001521148510409495 0.0009433442016802263 0.002635266542204665 0.05083359951932728 0.00118381306534738 0.009192803483116309 4.97604095996849e-05 0.0005212131001516595 0.003780312185315938 0.0007299110830154611 0.008624683037569044 0.01645096140325018 0.0007321425402083922 0.002225260942524893 0.00165973231408326 0.0005212131001516595 0.003015920066102169 0.06953285999056028 0.0429847087819978 0.003530916110900639 0.0005212131001516595 0.0005212131001516595 0.007205186797821886 0.005130465939785021 0.0002203854033040626 0.0004758220163631383 0.002452872620738576 0.008218732363455885 0.005414223116448507 0.001635224647435925 0.0009065480810334408 0.007362468048648303 0.001066029701486424 0.001692201069722074 0.01218054148926866 0.0005507637578988664 0.01501388785090148 0.0005212131001516595 0.0009907147618117976 0.0005212131001516595 0.0005212131001516595 0.000948489221515524 0.01485548851205704 0.08857970587912369 0.01003464870990758 0.001186802152727465 0.004817211974037025 0.0001281627050253936 0.003069936013398028 0.002246604863057678 0.0003885996201374765 0.0005200890601572764 0.001140244481008941 0.004206486118981964 0.005413360622037863 6.901446588840946e-05 0.0002635652002122465 0.0005212131001516595 0.02669717364575475 0.0002359603584277939 0.01182597411247838 0.005869740260007653 0.002360194388956213 0.03121385626676916 0.001134853113417405 0.001744145854003802 0.004018980478943566 0.001914500185339109 0.008348604112971274 0.005703332102068588 0.01483159488529905 0.02366326534375948 0.007523771642646091 0.0005212131001516595 1.640778694857086e-05 0.0005212131001516595 0.006078491428050232 0.01888328332493713 0.009114299755331071 3.367766858767541e-05 0.002735616929159088 0.0005212131001516595 0.003995733250923521 0.001866031791837441 0.0005979950255788104 0.01486925848075697 0.004025861128155236 0.00630407707300016 0.02764262271117787 0.002302508738837428 0.1034437813546275 0.03075451151833111 0.01148880458403569 0.003053145765186171 0.0005212131001516595 0.001977233873416764 0.0003425001776978884


