# Created by Octave 3.8.0, Fri May 02 19:36:21 2014 ART <alexism@MacBook-Pro-de-Alexis.local>
# name: test_error
# type: matrix
# rows: 1
# columns: 400
 0.0001068931419216669 0.0002067075297957268 0.001938275099541265 0.004242429991623417 0.01638456463316089 0.01086740808583046 0.003226192243356004 0.002403401039135657 0.000632102931822505 0.002033549237456458 0.02131867048713177 0.002014236980315728 0.00872473613483807 0.00957637622675195 0.001630842237249336 0.006896233713925734 0.06619054840071116 0.008704869641548013 0.009593108418821017 0.00612461360865392 3.399984792040135e-05 0.0008516954875338749 0.0135469331021774 0.0001385306065259734 0.004207043101562651 0.02904841639860028 0.008014805873106984 0.004724745993089793 0.002523350222531196 0.002321855423041723 0.0002043723325142116 0.04431461103177842 0.002131459809219494 0.01033730177278773 0.008396712315863138 0.003059099837783776 0.004351156036576763 0.0008366916567913825 0.08586686192641027 0.002168759000733404 0.0004054007797135451 0.0007509859664414265 5.739765070339848e-05 0.03499073441625936 0.01758147689452027 0.002491330152803322 0.006820941806518096 0.0003454588576498912 0.0002433938163767125 0.01704447370175106 0.09628367163592629 0.003968194002970475 0.0002990519899373893 0.004081590376351291 0.08414731657972198 0.001835142474888261 0.002963410413467182 0.005287749670706473 0.0009923546403482588 0.004114650538120023 0.01701226781511379 0.01407713260518221 0.00047073573006012 0.002931210766627363 0.2422550157045391 0.005648356050301295 0.003467667481752037 0.004533702996850118 0.008983357914443416 0.005097494972490039 5.24028784015998e-05 3.767300141867225e-05 0.04812234093301983 0.008433570588155451 0.0843190977617972 0.05313215462283617 0.0002900067530833431 0.001362151547677333 0.002273586021098901 0.01129913672132539 0.001604522702470075 0.007529670978644165 0.0005212131001516613 0.00452528259944193 0.002705185051424637 0.00809622715185097 0.004055069351559778 0.004913634278310052 0.004660283242656352 0.001137175025361251 0.1893182549037785 0.002523793545898973 0.0002373738473257779 0.001499970228027445 0.002452951231531921 8.224252148097909e-06 0.003441342300504623 0.001111526740272907 3.935808404506777e-05 0.0001327692064894386 0.0007496616068992745 0.002656821227723552 8.447240929213218e-06 0.005283225133256068 0.005869097291825151 0.003382064338429285 0.006411538137521398 0.0110993730194835 0.003313931453961173 0.006019668613269804 0.009151483400180351 2.374634732013645e-05 0.001592935650760784 0.0001774210404178083 0.001797574443356236 0.003098517791660003 0.00801601101236085 0.008423897675596497 0.004346023435032805 0.002787114781151818 0.08133963840217925 0.0001241235171323826 0.001707010348406598 0.002671209485591651 0.001250145221425244 0.0025242742265222 0.00911775909159572 0.008238553159932258 0.01100786032867737 0.000887005101698286 0.005437440826163295 0.003917344656223512 0.01088829079568122 0.003171291375329767 0.005450227594787274 0.02211291060373487 0.001601104207490261 0.008396843916332023 0.002425649867897306 0.01752264817904044 0.001909269403506156 0.006051360611018132 7.909256679461234e-05 0.00173288354483696 0.00221084414999047 0.01189374180522374 0.004150550436727143 0.006766057635300205 0.001651569041382096 0.07029394708805484 0.003290243580982926 0.007066493199469827 0.0004925670379550732 0.002847704353098199 0.0009813982834137088 0.0008394166509625541 0.01072041027708698 0.001770721450721759 0.002462396315327034 0.002111740924909512 0.001374868627469131 0.002695577278748544 0.003874525809140586 0.153013245348161 0.01028709536621897 0.002902022531139342 0.002136463015734059 0.0003766694203199843 0.006862867496113214 0.153591291053931 0.07155463202436796 0.01072934227099493 0.0007895532151356079 0.151931911898521 0.004115551086639801 0.007922220526763663 0.004322445046359507 0.03884470690722808 1.179683237308649e-06 0.006711413010154752 0.03368830808870604 0.001669680382433879 0.0004947839332155221 0.101478321013683 0.004806133067236299 1.764731244915643e-06 0.001761289916065496 0.003417067896777344 0.004281969590444427 0.1178744805313163 0.001637001920585298 0.008103770278010186 0.0001839124136117243 0.008484273154912805 0.002978599660765454 0.002348541218764499 0.00070904210233017 0.00327501285409524 0.001130637683618963 0.02189384315234837 0.0006722884114833498 0.0002550795282550506 0.002775731682490646 0.005168621471781335 0.0002241086752674866 0.169569465099398 0.0002165458261986019 0.0004055487890983187 0.001266499727077878 0.00253999492109261 0.001132030497488841 0.05187658117310707 0.0006705181964240632 0.003839610110820488 0.01043577845690324 0.004403783034730324 5.814729550627944e-05 0.0003231964461087242 0.002017334451978777 0.01178003919014359 0.0003381398052902849 0.002634731420706805 0.0001438448759642723 0.001868964125570091 0.05652226765751314 0.0002536176706249829 0.001646430841840741 0.0122328690602759 7.616070490942888e-06 0.2233450532023048 0.006216638002108169 0.002022998702056406 0.003931988663496375 0.005748781339979693 0.002131879056716549 0.01261811076618278 0.000953432489556657 3.185832914658604e-06 0.01700276529335273 0.1570832839948905 0.01836062988391425 6.103504720557551e-09 0.02639365599883226 9.151809401481513e-05 0.0004287603940762252 0.008981909834278769 0.002080335999151151 0.001479478631882798 0.002017958029250525 0.002325732207107457 0.009795368826371449 0.003153167244417735 0.008594064937398014 0.07129632113045441 0.002376801750268501 2.238866580102003e-06 0.01751496609259189 0.001844553427641402 0.1158323802195676 0.001402953132294245 0.001493814081067055 0.0002046715746248816 0.005341516819665465 0.000289718205688903 0.03593782841682436 9.016375160132691e-05 0.0009278553335464082 0.002457805100680779 0.002861235436679434 0.008820016939624559 0.00186105785786819 0.06413698935493635 0.0005079154929468726 0.1276114435650693 0.004466363621273918 0.1369975619547736 8.277129272978721e-06 0.0003436249332095654 0.003936464071880239 0.009136301878985908 0.003654422536897641 0.002070900803440485 0.1140752100929723 0.2733223884415144 0.2767724617930871 0.009647905441268952 7.596279712027265e-05 0.2916997610730958 0.002027208016469721 0.002085506813019515 0.03809275331274463 0.0009804622820047905 0.004479029717790719 0.002297818939884107 0.0220075415906307 0.001257957238353228 0.01052560425014974 0.002537731653227615 0.0002745868583904714 3.226682078934656e-05 0.000925080579989976 0.1504198359612296 0.002274042414923776 0.01704244992301375 0.002330918477381159 0.0008266190809705336 0.001506261896697349 6.968549559598017e-05 0.0005665273042424651 0.006218985171755864 0.002631577085320334 0.001906464549823138 9.006927004556816e-05 0.01030830640073972 0.003277092924735367 0.05885687605830235 0.03671380809878191 0.001101199733898995 0.1343584695710406 0.01291795540694646 0.00074705398007298 0.003026502940161062 0.005199913965818373 0.00473153233335212 4.205909950824929e-05 0.006314558573711722 0.009305506319493183 0.02072945254981592 0.004740423363154054 0.004414543227240127 0.007733188269889335 0.001750719300451961 0.004757494664161971 0.01666839264417326 0.005318651417196324 0.002136673502046021 0.0010284703938644 0.008389165783695859 0.0003233544481988846 0.002411830193032875 0.001405034825928533 0.004924793013516265 0.0150253027727086 0.0001550108129086594 0.003671792403942732 0.004568959502474962 0.00840868006441736 0.0009421558515739926 0.002043114292061859 0.0008087104169576753 0.2103064553689906 0.0001338572771572694 0.0297807544735765 0.00428745628476672 0.01975934420487372 0.001365885206213242 0.0005790351370833666 0.005348610068860684 0.006104150607248822 0.001614803554233168 0.001194940370330747 0.01070343309421813 6.951562924736823e-05 0.00568732772566471 0.0217362004706739 0.001880297004754614 0.2490719236912921 0.002386356404930424 0.002805629820005274 0.1111359143572055 0.004527912548465325 0.0007874231672504509 0.06868405251231582 0.002370112513914644 0.003951283631535133 0.03323048481354173 