# Created by Octave 3.8.0, Tue Apr 29 18:00:53 2014 ART <jperezcu@Javiers-MacBook-Pro.local>
# name: test_error
# type: matrix
# rows: 1
# columns: 68
 0.009424809292507682 0.0001028043161393087 0.04687486716721295 0.02402244657974015 0.004865025459656474 0.04202806806806102 0.03514929457785619 0.0005631036146766318 0.006821002332915045 0.01350289431214888 0.005263362847133781 0.002751658882791991 0.002774641122451932 0.001302950682244343 0.01751483230668945 0.0008848586196417265 0.007036159688062787 0.0001323277860779079 0.002212799044488698 0.01991121939937587 0.002132816695078124 0.001651885890712725 0.001865867264497842 0.003388180040604926 0.1026452978305213 0.0007600112391854892 0.006524463878260782 0.003120554035892141 0.006501841050903331 0.04877808868894103 0.2837447966800672 0.01614254744965588 0.01949762704897065 0.001453879348618619 0.0009215947085900375 0.03012268473695476 0.01068644563979841 0.0005441785803998086 0.01417582658175333 0.002623558201975999 0.0003919405201082423 0.002193209591892946 0.01054931421039724 0.003453197164276468 0.001125575518844661 0.03160259097456745 0.01672269672430414 0.01398040931324175 0.0001015003294540811 0.002450128666589984 0.006844378155782987 0.004128826215262988 0.01419918795716091 0.03425170862321357 0.006504737811156092 0.003891132729032258 0.00545898094508341 0.0008853076695055617 0.009080526009132443 0.0002903910632355457 0.0006470922313506027 0.09810710426691142 0.004898214359844691 0.00943878583479292 0.0003458507141788943 0.008300554090560479 0.00113394245996688 0.002035576388870352


