# Created by Octave 3.8.0, Tue Apr 29 18:00:53 2014 ART <jperezcu@Javiers-MacBook-Pro.local>
# name: trainedNetwork
# type: cell
# rows: 5
# columns: 1
# name: <cell-element>
# type: matrix
# rows: 0
# columns: 0


# name: <cell-element>
# type: matrix
# rows: 10
# columns: 3
 0.1733569914923805 -0.2156798851052356 0.5430139988718544
 0.09247428307693488 -0.8749766387761737 -0.5593310077485421
 -0.05383474389394804 0.9565035690171165 -0.2480464097543438
 0.1872665215061306 0.6175834140157686 0.2862805731818013
 0.266599127899967 0.4645786412323963 -0.09574359951625336
 0.1633434429079272 1.03820018087865 0.09979053006921364
 0.3060135822475907 -0.5334467861739783 0.205206390835057
 0.1842281535387306 0.03993400483098815 0.1829491616331166
 -0.007178137668145317 -0.5681507181174708 0.01373933786244602
 0.2392162123224664 -0.2025526177914787 -0.4074869687493534


# name: <cell-element>
# type: matrix
# rows: 20
# columns: 11
 -0.04198634315727346 -0.248461221413267 0.3054981154807361 0.2969955963388535 0.2591423796995792 -0.1018276938459537 -0.04989416065044223 -0.1502830904696933 -0.1920646173838231 -0.2583138274376922 -0.1430348341863976
 0.1274479391949525 0.03790762304723064 0.1572582272191174 -0.3487947873111878 0.2747015174596942 -0.1207730072194062 -0.3714245835254765 0.08204860621869854 0.08744380141587739 -0.2320313015060549 0.2629768067216707
 -0.1524621743556178 -0.03237803555333163 0.1103046159483244 0.1939657198624163 -0.1682068238445973 0.5295030522249778 0.3552519485465249 0.006396146473907491 -0.102047655483812 0.01489232257214092 -0.01191273467440669
 -0.01737289037550949 0.3621189390215113 -0.3894936615375426 -0.07675324720726151 0.1723302859012998 -0.086204993292129 0.4020976815267625 -0.4024435633302608 -0.5128321354645031 -0.1452881243221342 0.3962990049324623
 -0.1525458993370001 -0.4399903782090683 0.272638159536039 -0.03172894579190441 0.1245501777570041 -0.05890671931904607 0.1959031993510655 -0.2473978576193715 -0.201873729545492 -0.3283912031322809 0.04071909475438371
 0.2422450431430618 -0.309603115643336 0.1146131673525425 0.2128233193045892 0.1536114521802683 -0.416627478582867 -0.4477132561148069 0.1006232414181323 0.1227681456150662 0.4796570815035703 0.3644292846171396
 0.2540225556613313 -0.06343564776985054 0.1309543582857121 -0.4369227829951184 -0.02833120185737279 0.2827577619422006 -0.406955871052273 0.3933601616741254 -0.08532271824024136 0.5094793365697878 0.3896364705536543
 -0.2613548194101009 -0.4398103733841693 0.1723813362098852 0.5775991883673864 -0.1462639019184685 -0.1485611385104995 0.4599394462435231 0.1216841255581542 0.187547747942793 -0.1642798471125955 -0.1893937797660854
 0.01091948954772759 0.1016987755948082 0.3145613777318662 0.397086289004272 0.4867636057312795 0.5569987529103332 0.02883380889334498 -0.03798845269729116 0.264931944813414 -0.132423980881451 0.460370551343001
 -0.3743362832710754 0.2880984007263621 -0.1440739353210742 0.120227093593469 0.01795829790862372 0.2744726858329336 0.5184357798449286 0.06172651565515208 -0.2842954797511766 -0.3866637546995039 0.4735060848287169
 0.2355313864639859 -0.4575627779237399 0.5551973210097578 0.6550722440310385 -0.1224693066939344 -0.3126162328297044 0.3856283409212292 -0.2819567972044272 -0.1275159930348893 -0.09676272614970126 0.3323655175452248
 0.2428214624348682 -0.1085755394943988 -0.2834586542445364 0.3625967331213683 -0.1364470366879539 -0.5260746778448729 0.46844381257193 -0.2731015273977128 -0.1081330285072076 0.1270576920373061 0.2139560490983394
 0.3739429102298381 -0.522918485372931 0.2326508684144087 -0.1685013946016463 0.3379066191829361 -0.1224850818243856 -0.05792114691068794 -0.1635608172971973 -0.3378637942671378 0.3763003632219573 0.02514446735977722
 0.255722121478824 -0.409788857866605 -0.3811548035099318 0.3295653511551824 -0.2618149950066331 0.5003165034721153 -0.04787113112074685 -0.3204131922587351 0.2293626173726131 -0.1462154236996406 -0.03244547887335425
 -0.2729945475835644 -0.6762788616498473 0.09964030921729432 0.3713279848004768 -0.08492146275764348 0.170258289736395 0.3450186423458798 -0.5700416672973805 0.2151830040631346 0.1437879120518646 0.01700639612411053
 0.02896866179165281 -0.3439542233977584 1.468874404653279 -0.7789881770079989 -0.8003482155149482 -0.1154813845306143 -0.9860295460462946 0.5266776215465161 -0.2040438109392325 0.4640712238468858 0.5762488806528636
 -0.1798137920351007 -0.1498204330275808 0.2246597381756683 0.1974785351227832 0.01529613260114948 -0.07594576105544916 -0.3296934832826874 -0.341567625651299 -0.1556507862126189 -0.1808667540275058 0.4838892802810812
 0.3166883562376866 -0.307764462075204 0.1783854409701809 0.3111787306973413 0.2740426342752835 0.1270479317052576 0.219860291936984 -0.4502696217130989 0.3856175746269119 0.08935286870496958 -0.1955048368498515
 -0.01850971712471184 0.01769736148087616 -0.4326393918896745 0.5558586412832094 -0.1900866350880862 -0.2022908724162826 0.4561086799666737 0.1080281357115657 -0.1719442518699318 -0.1504853682408064 0.01713022660977185
 0.3977370818747584 -0.5050210582180744 -0.04002658872551487 0.656048768385754 0.4905615271847568 0.1958990562511848 0.5004164029307626 -0.0347671389749777 0.1698043764155107 -0.5277286383966201 0.4195442836158312


