# Created by Octave 3.8.0, Tue Apr 29 15:33:32 2014 ART <jugutier@Jugumac.local>
# name: trainedNetwork
# type: cell
# rows: 4
# columns: 1
# name: <cell-element>
# type: matrix
# rows: 0
# columns: 0


# name: <cell-element>
# type: matrix
# rows: 2
# columns: 3
 0.7631023740011453 0.5780232258134033 0.3051419118875294
 0.388058087076084 0.8165092298865675 0.6864182793259694


# name: <cell-element>
# type: matrix
# rows: 3
# columns: 3
 0.3968290882373842 0.830842329896625 0.8003354251457492
 0.8519206242056402 0.9147204556948713 0.8429823310864036
 0.255427529929681 0.3404087160659289 0.6795593233569787


# name: <cell-element>
# type: matrix
# rows: 1
# columns: 4
 0.3045813358674924 0.2888837569054486 0.829333236510689 0.8271756442678716





# name: hiddenUnitsPerLvl
# type: matrix
# rows: 1
# columns: 2
 2 3


