# Created by Octave 3.8.0, Tue Apr 29 16:39:44 2014 ART <jperezcu@Javiers-MacBook-Pro.local>
# name: MAX_EPOC
# type: scalar
500


# name: train_error
# type: matrix
# rows: 1
# columns: 500
 0.15071050456173 0.1399508953623592 0.1271178847839577 0.1136221538280079 0.09069253426379606 0.05706493272984669 0.01917443297138808 0.001553776739724985 0.0003700937662142512 0.002443706315283172 0.004226732332955194 0.005339139087867338 0.005947086691160207 0.006242794859318463 0.006363121127261217 0.006392403944568533 0.006378486200318668 0.006346712982834653 0.00630953521828002 0.006272451483123153 0.006237461667230458 0.006204972363257148 0.00617478630279796 0.006146572193702629 0.006120054345523018 0.006095062155528272 0.006071518075900054 0.006049405502169488 0.006028736309418438 0.006009525755366276 0.005991776354402765 0.005975469610236816 0.005960563604509041 0.005946994433325144 0.005934679835920371 0.005923523797896757 0.005913421312193393 0.005904262800357819 0.005895937930023717 0.005888338723408524 0.005881361952541993 0.005874910875640151 0.005868896398696862 0.005863237757061501 0.005857862810830816 0.005852708040359828 0.005847718317477471 0.005842846516223376 0.005838053015388604 0.005833305134574853 0.005828576536203921 0.005823846618033516 0.005819099914217401 0.005814325517669658 0.00580951653231909 0.005804669560589897 0.005799784228979795 0.005794862752766938 0.005789909539560823 0.005784930830477433 0.005779934377115346 0.00577492915212786 0.005769925090989426 0.005764932862485118 0.005759963665473869 0.005755029049564373 0.005750140757464171 0.005745310586916425 0.005740550270302748 0.005735871370149838 0.005731285188945921 0.005726802691823588 0.005722434440813914 0.005718190539506132 0.005714080587072813 0.005710113640725453 0.005706298185766848 0.005702642112488342 0.005699152699239865 0.005695836601064588 0.005692699843346818 0.005689747819975436 0.005686985295560855 0.005684416411291353 0.005682044694033437 0.005679873068319721 0.005677903870885289 0.005676138867433256 0.005674579271333489 0.005673225763968897 0.005672078516461379 0.005671137212520672 0.00567040107217488 0.005669868876150078 0.0056695389906814 0.005669409392548399 0.005669477694141238 0.005669741168376389 0.005670196773294026 0.005670841176185995 0.005671670777110841 0.005672681731679285 0.005673869972996895 0.005675231232675261 0.005676761060836316 0.00567845484504976 0.005680307828163025 0.005682315124994807 0.005684471737881257 0.005686772571078524 0.00568921244403654 0.005691786103573871 0.005694488234992408 0.005697313472181301 0.00570025640676762 0.005703311596377354 0.005706473572075239 0.005709736845055454 0.005713095912655859 0.005716545263770258 0.005720079383730841 0.005723692758731039 0.005727379879854325 0.005731135246772226 0.005734953371167751 0.005738828779935106 0.005742756018201138 0.005746729652206757 0.005750744272080837 0.00575479449453137 0.005758874965476514 0.005762980362625951 0.005767105398025061 0.005771244820564044 0.005775393418453181 0.005779546021661301 0.005783697504309452 0.005787842787014803 0.005791976839171336 0.005796094681159034 0.005800191386469076 0.005804262083733459 0.005808301958648659 0.005812306255783597 0.005816270280261959 0.005820189399312062 0.005824059043678815 0.005827874708892897 0.005831631956395379 0.00583532641451723 0.005838953779315918 0.005842509815270962 0.00584599035584612 0.005849391303921357 0.005852708632106901 0.00585593838294556 0.005859076669015137 0.005862119672944575 0.005865063647351137 0.005867904914717506 0.005870639867217531 0.005873264966505147 0.005875776743480264 0.005878171798043796 0.005880446798853389 0.005882598483092982 0.005884623656265115 0.005886519192016187 0.005888282032003763 0.00588990918581176 0.005891397730918737 0.005892744812725922 0.005893947644643244 0.005895003508237092 0.005895909753438022 0.005896663798803714 0.005897263131834789 0.005897705309335951 0.005897987957812439 0.005898108773895571 0.005898065524781639 0.005897856048673139 0.00589747825520743 0.005896930125854862 0.005896209714271388 0.005895315146584103 0.005894244621592076 0.005892996410860083 0.005891568858684013 0.005889960381905119 0.005888169469550152 0.005886194682272521 0.005884034651571455 0.005881688078761629 0.00587915373366988 0.005876430453032418 0.00587351713856328 0.005870412754669713 0.005867116325784261 0.005863626933284159 0.005859943711968222 0.005856065846057941 0.005851992564690713 0.005847723136867817 0.005843256865819253 0.0058385930827449 0.00583373113988535 0.005828670402876508 0.005823410242332105 0.005817950024598378 0.005812289101614667 0.005806426799811527 0.005800362407968072 0.005794095163944604 0.005787624240196637 0.005780948727969867 0.005774067620065238 0.005766979792056232 0.005759683981826796 0.005752178767298107 0.005744462542195952 0.005736533489709606 0.00572838955388919 0.005720028408623049 0.005711447424045248 0.005702643630228259 0.005693613678032046 0.005684353797009463 0.005674859750298234 0.005665126786489311 0.00565514958852719 0.005644922219793458 0.005634438067646704 0.005623689784850336 0.005612669229514917 0.005601367404435917 0.005589774397007656 0.005577879321278392 0.005565670264162858 0.005553134238380434 0.0055402571453368 0.005527023751934424 0.005513417686183889 0.005499421457505929 0.005485016508756887 0.005470183308275155 0.005454901491605543 0.00543915006398619 0.005422907676106477 0.005406152986998742 0.005388865129071958 0.00537102429110199 0.005352612435243328 0.005333614163590323 0.005314017748214077 0.005293816335614882 0.005273009331843002 0.005251603967847709 0.005229617035682755 0.005207076774897683 0.005184024874883065 0.005160518543420603 0.00513663257493329 0.005112461334955805 0.005088120561577979 0.005063748871780548 0.00503950885253 0.005015587615029174 0.004992196697054599 0.004969571213620577 0.004947968180200258 0.004927663964281056 0.004908950858141053 0.004892132805703824 0.004877520356250778 0.004865424954896327 0.00485615271192687 0.004849997819008666 0.00484723579929588 0.00484811679062763 0.004852859066548728 0.00486164299910245 0.004874605660303169 0.004891836245825483 0.004913372484555956 0.004939198171182285 0.004969241926150465 0.005003377248695315 0.005041423885319742 0.005083150489560023 0.005128278501099849 0.00517648712558089 0.005227419253397931 0.005280688119042994 0.005335884474754903 0.005392584035504671 0.005450354948170887 0.005508765046640628 0.005567388675894941 0.005625812900172941 0.005683642950388175 0.005740506810769662 0.005796058890707424 0.005849982771629261 0.005901993057641732 0.005951836390633907 0.005999291714437393 0.006044169888261311 0.006086312757432512 0.006125591790539842 0.006161906387726497 0.006195181956571285 0.006225367841155709 0.006252435177744925 0.006276374738041469 0.006297194808927421 0.006314919146507701 0.00632958503239582 0.006341241451671142 0.006349947404793195 0.006355770359904356 0.006358784847273908 0.006359071193977199 0.006356714394129191 0.006351803107949282 0.00634442878150761 0.0063346848780709 0.006322666211445781 0.006308468371517472 0.006292187232255921 0.006273918532722233 0.006253757522057544 0.00623179865997901 0.006208135364963317 0.006182859802996306 0.006156062710507114 0.006127833245856277 0.006098258864484339 0.006067425213550461 0.006035416042559475 0.006002313127113681 0.005968196203486574 0.005933142912229312 0.005897228749453857 0.005860527024817174 0.005823108825530076 0.005785042985962728 0.005746396062604946 0.005707232314271262 0.005667613687534529 0.005627599807414936 0.005587247973375776 0.005546613160664256 0.005505748027017529 0.005464702924704353 0.00542352591783638 0.00538226280482369 0.005340957145803272 0.005299650294817513 0.005258381436474702 0.005217187626789986 0.005176103837868401 0.005135163006070192 0.005094396083284713 0.005053832090923218 0.005013498176246724 0.004973419670640729 0.004933620149461215 0.004894121493089337 0.00485494394884708 0.004816106193445397 0.004777625395662601 0.004739517278964185 0.004701796183811616 