# Created by Octave 3.8.0, Tue Apr 29 16:14:58 2014 ART <jperezcu@Javiers-MacBook-Pro.local>
# name: test_error
# type: matrix
# rows: 1
# columns: 68
 0.001436206392002968 0.002079950037001344 0.007355540733378074 0.0002880694238469074 7.890651584454647e-09 0.008425319067066629 0.005794285267736914 7.352554111725217e-05 0.001181239591217797 0.005618186642659842 0.00868162662753685 0.003803994533901356 0.001846398937254779 0.001598989228801851 0.0007837739926654637 0.0002321801413146095 1.34280260857796e-05 6.087553910342859e-05 0.004589066775147053 0.004177758759994289 0.0005681695031543323 0.0004066007335044429 0.002673524204153455 0.005947556564102646 0.04073469758553989 0.00122113591298518 8.242817268231797e-05 0.002156981019811739 0.0001085583817645234 5.351137128502131e-05 0.2953533826313269 0.003525434688496663 0.00480272949260367 0.00103389633276623 3.82862009251669e-05 0.004247315221094944 7.066149348968294e-05 0.0002044731648363556 3.015236043172579e-06 0.002053245180614955 0.0001015032408339015 0.0004991924242241036 1.475453468697816e-05 0.002208676377184187 0.0006496979488898152 0.004860323464619357 0.004359425547851218 0.001843832224094541 0.0005195491905384408 0.00501606978984532 0.004158687788876096 0.001703064591116268 0.001798960454154568 0.004909169432626598 0.001728317726672928 0.002206918474077596 0.0002463266086063679 2.162975464028061e-05 0.009577228855039172 0.000753769155301586 0.0007409480487229208 0.00933953419753911 0.001354655366678491 0.001889942177233357 1.920301702795095e-05 0.003612782281968344 1.416185731499305e-05 0.0008754376920699302


