# Created by Octave 3.8.0, Fri May 02 00:22:57 2014 ART <jugutier@Jugumac.local>
# name: MAX_EPOC
# type: scalar
500


# name: train_error
# type: matrix
# rows: 1
# columns: 500
 0.1278926057586498 0.1088620819965503 0.1035807915388939 0.09678787670502713 0.08771352477019584 0.0754454883914031 0.06097471529425499 0.04673602272807133 0.03433722785310069 0.02652789637252262 0.02172771377216763 0.01869550670182111 0.01671705497095754 0.01571659247322971 0.01472517109223685 0.0140999646884024 0.0137060604330986 0.01345749918903949 0.01330134708740052 0.01406155625187627 0.01407173590376025 0.01409124657338701 0.01409575529846694 0.01408576723102658 0.01408614847190705 0.01405961879905445 0.01405111856767879 0.01404025827715374 0.01402889526893324 0.01401758123174498 0.01539494526071138 0.01553465150639154 0.01542233992536985 0.01535095251924101 0.01529761246885254 0.015249829559377 0.01520640187591117 0.01516649584496808 0.01752870687405685 0.01778236272799281 0.01653614962748458 0.01649321005765609 0.01654790313428931 0.01646704276132255 0.0163930622698525 0.01630448340780812 0.01620978339369261 0.01882026686296515 0.01884981217793139 0.01800495467677872 0.01717518596064126 0.01722209046323937 0.01719363068559965 0.01708465371747326 0.01694987451287619 0.01681402712755795 0.01910422059571464 0.01838100953719807 0.01809262423715281 0.01800747878124472 0.01796273408835128 0.01778277200701731 0.01757766374200815 0.01960285408969782 0.01910743687664665 0.01884301199965438 0.01864202765613833 0.01838325416305857 0.0181165846929499 0.01788890688599927 0.0195738607772723 0.01943032992993758 0.01906314341883183 0.01872925526509428 0.0184358106283562 0.01820231446096445 0.01802214371294573 0.01942341427839021 0.01921492141032892 0.01888506731620379 0.01861624731013215 0.0183996677941514 0.01822575218113435 0.01807643896063402 0.01924088861372038 0.01892528796031523 0.01867920590048548 0.01847649581420414 0.01829727201347035 0.0181298299520341 0.01796804410337778 0.01893699015242953 0.01862243326200894 0.01842438588488916 0.01823014495378177 0.0180426598474486 0.01786205357553035 0.01768846311732164 0.01851762481498896 0.01824903504066062 0.01806445054803862 0.01787121256228077 0.01768330844437649 0.01750375311305758 0.01733262610427172 0.01804489108737353 0.01780391880099774 0.01761736247822118 0.0174229635684357 0.01722904617265856 0.01703653906329727 0.01684394126633484 0.01740539883708341 0.01713895227068297 0.01690197058817702 0.01667045229581882 0.01644339546158232 0.01622328411748721 0.01602243437326011 0.01700137165092439 0.01664842241713196 0.01648808592336027 0.01634446220565252 0.01618306467921542 0.01600525187442701 0.01581333968494494 0.0168324293554011 0.01639741952472979 0.01603729054973324 0.01576489378382642 0.0155302102995271 0.01531843187670251 0.01512424362504055 0.01494440532924224 0.01477668168257139 0.01461939748169784 0.01447120045787074 0.01433094870254174 0.01419766191897556 0.01407050174243421 0.01394876247971078 0.01383186328517902 0.01371933870489288 0.01361082734429947 0.01350605909082746 0.01340484117713991 0.01330704331842929 0.01321258240226083 0.01312140753136721 0.01303348636457341 0.01294879357914736 0.01286730195860803 0.01278897622819951 0.01271376943227916 0.01264162143423102 0.01257245902726163 0.01250619714825052 0.01244274075067606 0.01238198698388943 0.01232382742128195 0.01226815016548167 0.01221484172843678 0.01216378863685614 0.01211487875045574 0.0120680023045011 0.01202305270221025 0.01197992708944515 0.011938526746073 0.01189875732723329 0.01186052898482417 0.01182375639575396 0.01178835871950089 0.01175425950366112 0.01172138655264367 0.01168967177159257 0.01165905099499437 0.01162946380724989 0.01160085336070614 0.01157316619520541 0.0115463520620655 0.01152036375449955 0.01149515694577929 0.01147069003589674 0.01144692400705896 0.01142382228802583 0.01140135062705642 0.01137947697304188 0.01135817136426264 0.01133740582410222 0.01131715426297068 0.01129739238563468 0.01127809760311092 0.01125924894825678 0.01124082699418162 0.01122281377460813 0.01120519270533238 0.01118794850596889 0.01117106712122071 0.01115453564098826 0.01113834221872477 0.01112247598755931 0.0111069269738454 0.01109168600794416 0.01107674463222437 0.01106209500644388 0.01104772981086951 0.01103364214768767 0.01101982544144532 0.01100627333943892 0.01099297961311957 0.0109799380617054 0.01096714241927139 0.01095458626661917 0.0109422629492053 0.01093016550232535 0.01091828658461027 0.01090661842069712 0.01089515275369271 0.01088388080777106 0.0108727932609457 0.01086188022775479 0.01085113125130893 0.01084053530389403 0.01083008079511547 0.01081975558642096 0.01080954701076309 0.01079944189615783 0.01078942659196047 0.01077948699681494 0.01076960858741869 0.01075977644748071 0.0107499752965121 0.01074018951837447 0.01073040318979817 0.01072060010936948 0.01071076382775667 0.01070087768019937 0.01069092482251134 0.01068088827204386 0.01067075095521647 0.01066049576333498 0.01065010561847673 0.01063956355121128 0.01062885279182509 0.01061795687651392 0.01060685976966799 0.01059554600288666 0.0105840008307034 0.01057221040217006 0.01056016194644748 0.01054784396940395 0.01053524645697409 0.01052236107975226 0.01050918139206708 0.01049570301772019 0.01048192381377506 0.01046784400336315 0.010453466268523 0.01043879579465371 0.01042384025927249 0.01040860975937157 0.01039311667369516 0.01037737545857194 0.01036140237838391 0.01034521517415843 0.01032883267596709 0.01031227436666383 0.01029555990588881 0.01027870862415061 0.01026173899717389 0.01024466811061049 0.01022751112474693 0.01021028074813232 0.01019298672824135 0.01017563536655923 0.01015822906501414 0.01014076591070522 0.01012323930662643 0.01010563765786842 0.01008794412596227 0.0100701364690848 0.01005218699337693 0.01003406265137408 0.01001572533835201 0.009997132457102466 0.009978237846806489 0.009958993201905006 0.009939350139703151 0.009919263104245693 0.009898693304661321 0.009877613852736625 0.009856016145138615 0.009833917274065041 0.009811367792567601 0.009788458507171714 0.009765324269446526 0.009742142396022172 0.009719124012273532 0.009696498812083383 0.009674497090946506 0.009653335727959041 0.009633215079412753 0.009614331603850902 0.009596909215400721 0.009581253895857268 0.009567844314857717 0.009557498739034536 0.009551765243457147 0.009554168264976501 0.009575540858076518 0.009661806692887799 0.009982238295491023 0.01044996039364551 0.01041145353117351 0.01024501148504995 0.01013266721954388 0.01005404859933867 0.009995054253160444 0.00994814007445096 0.009909092452581038 0.009875372746868512 0.009845345406880401 0.009817903847371235 0.009792273830938621 0.009767900932780956 0.009744381271425294 0.009721416444160825 0.009698783041414883 0.009676311496264255 0.009653871211842699 0.009631360076478294 0.00960869713865993 0.009585817610620155 0.009562669617101517 0.009539212263892391 0.009515414700337241 0.009491255909354844 0.00946672498989185 0.009441821710730587 0.009416557121771221 0.009390954020265647 0.00936504709515038 0.009338882619623413 0.009312517631513426 0.009286018625917597 0.009259459870366792 0.009232921520241751 0.009206487743500432 0.009180245049027634 0.009154280954254851 0.009128683039421057 0.009103538339940605 0.009078932947612134 0.009054951643012317 0.009031677373249294 0.00900919041959547 0.008987567159381871 0.008966878402952664 0.008947187365668139 0.008928547404624381 0.008910999700552901 0.00889457109151209 0.008879272264488702 0.008865096485415318 0.008852019001863914 0.008839997192443426 0.008828971470578824 0.008818866885941506 0.008809595311604451 0.008801058064561077 0.008793148784819408 0.008785756394527965 0.008778767971786339 0.008772071400384593 0.008765557692035594 0.008759122916717753 0.008752669714865552 0.008746108398472039 0.008739357673983497 0.008732345036755898 0.008725006894697821 0.008717288478644921 0.008709143590961406 0.008700534234338647 0.0086914301522194 0.008681808302811331 0.008671652281606263 0.008660951703232092 