# Created by Octave 3.8.0, Fri May 02 00:22:57 2014 ART <jugutier@Jugumac.local>
# name: test_error
# type: matrix
# rows: 1
# columns: 172
 0.0001427354293130368 0.003541162780552174 0.0001105439649693666 0.0001427354293130368 6.048267676603988e-05 0.004300625616945989 0.01681073249942047 0.002923310029842991 0.01283529393517029 0.002900064003317636 0.0004234810238596812 0.01886492257869684 0.003408716189142408 0.0002923229164302962 0.002137172532176079 0.0001355110043761096 0.001948067307396004 0.002039219502880012 0.003805001988547582 1.657690284844516e-05 0.008144496611029329 0.004036651358729572 0.008606020376793042 0.0002843892272462078 0.002677967530422751 0.0003103906316414694 0.000207353247859456 0.01436222284329273 0.003400229685112622 0.0007756357725879216 5.453985600824253e-05 0.0005448150386841908 0.0001427354293130368 0.002183042935631985 0.0001043786244489091 0.00123007015086937 0.000774545326088779 0.002328440849304821 0.001286164239853906 0.0001427354293130368 0.006028313255335693 0.0005128401905019939 0.000792338992126717 0.001272478745002877 0.002977988866082259 0.0001074022023669884 0.004669791715358772 0.001453885314526733 0.001296849409619807 0.00477934771753731 1.063088392154793e-05 0.006592974785222611 0.003201462550259369 1.141730975473217e-05 0.001283983144937509 0.004813345679580295 0.001965763288487583 0.003305382632255792 5.569228489883952e-05 0.0001427354293130368 9.621185965118672e-05 1.726448413652317e-05 0.0006567018337258448 5.395402479607891e-05 0.001737961934566525 0.004045942606998414 0.0001427354293130368 0.0007498431831581913 2.009556013129349e-06 0.002376236283126909 0.002200708745473909 0.001703816267649305 0.003759528558054012 0.00663061940884829 0.003228035576616325 0.00446615206605703 0.006801504242514167 0.0002114796627559655 0.001057746653983999 0.006928793214789826 0.0006425332675239874 0.002453083107135266 0.0001427354293130368 0.0002901961524865192 0.01005657491370828 0.003446603473291841 0.000790615700961936 0.009155567590706288 0.0057199886135308 0.0009393637999155978 0.0001427354293130368 0.003831612912412391 0.01318223853174422 0.007226424694938303 0.004106260665267974 0.0001427354293130368 0.0001427354293130368 0.01232701793072247 4.313843411869505e-09 0.002723655662147879 0.007242995288869331 4.457544161598839e-05 0.0005079311872892483 0.003899589891308518 0.02257501685716407 0.0007602521032394555 0.001353012269814955 0.01158187856484583 7.410926170441249e-05 0.001442768672370594 0.001809090786212862 0.001456206079815614 0.0001427354293130368 0.009024839824474913 0.0001427354293130368 0.0001427354293130368 0.0001249180685442995 0.03986972234826672 8.039450820968263e-05 0.00023715213942843 0.009921097739527781 0.0002951603560484353 0.002916832364302424 9.501959663638704e-05 0.01562965143936903 0.005494180862189797 0.009862465834811021 5.978127910919679e-07 0.0005173922298529133 0.0005203499070886517 0.0002019702319923287 0.002801457013082772 0.0001427354293130368 0.001072969646611305 0.0008275002258761928 0.00154869555693983 0.004109306220989577 0.001848747757553961 0.02182369093207848 0.0001482596848388218 0.000970039803752313 0.004762366413784458 1.873031312609157e-06 0.0007178517777130497 0.0001018640423409301 0.0002144259491910395 0.0003885747858209809 0.0005070804904389808 0.0001427354293130368 0.005295313242102432 0.0001427354293130368 1.472432576411479e-05 0.01617779848895607 0.0002814849862249219 0.002286913915021165 0.000677923889251734 0.0001427354293130368 0.003757048779508991 0.0002482447522822359 0.002595728813208504 0.001983213423223907 0.002999297923282362 0.001004399779352038 2.154592947889982e-05 0.002077076972848151 0.0007222852671570192 0.01966304800881312 0.003111436960900626 0.0006495588583336015 0.0001427354293130368 0.0009965062852339778 0.003049024107977952


