# Created by Octave 3.8.0, Fri May 02 00:22:57 2014 ART <jugutier@Jugumac.local>
# name: trainedNetwork
# type: cell
# rows: 4
# columns: 1
# name: <cell-element>
# type: matrix
# rows: 0
# columns: 0


# name: <cell-element>
# type: matrix
# rows: 4
# columns: 3
 -2.252999930518653 6.008165433274741 0.2783272623965568
 0.2830260391697687 6.897319551543506 3.83819351733458
 2.628945139827588 5.851743241149958 0.4099820754406753
 0.1636198927326776 8.741301868924795 -3.783913646540731


# name: <cell-element>
# type: matrix
# rows: 3
# columns: 5
 -0.203036247178668 7.368870381856913 -6.395073734041518 6.549256575666956 -6.05301986299808
 -0.228780256163429 12.04155276803691 -0.8826096257403968 11.00785839148255 0.0390701233767532
 -0.4213802762907138 2.883645540800214 -1.881080898938205 3.863685738563626 -1.632978051172737


# name: <cell-element>
# type: matrix
# rows: 1
# columns: 4
 -0.007906587288629346 -0.9172028459523464 2.033379190406252 -1.42671449822794





# name: hiddenUnitsPerLvl
# type: matrix
# rows: 1
# columns: 2
 4 3


