# Created by Octave 3.8.0, Fri May 02 19:45:30 2014 ART <jugutier@Jugumac.local>
# name: test_error
# type: matrix
# rows: 1
# columns: 400
 5.209772208912513e-06 0.0001541372393373742 0.002227325135636151 0.004571702609165709 0.0201458909819731 0.01348427307897406 0.004695655731433831 0.0008456218522661066 0.0006381207329977435 0.001461738038988496 0.01456271027556892 0.001143783979307537 0.006677695624915665 0.01217696496777354 0.0003288328218521751 0.009300556426464388 0.05806829060665142 0.008560946591220465 0.00677989951326386 0.008620942038434361 0.0005576419085363306 0.002130735946230553 0.01713190143579343 1.641349478514129e-05 0.005308846861033225 0.03230822616391506 0.008619288236533445 0.005288438360055045 0.003454156530328359 0.003817831844619052 0.0005842944563763147 0.0414307753630029 0.0002248302903231315 0.0132799653740855 0.007511920206495935 0.002052782462514554 0.004731672926921572 4.66137240719247e-06 0.09211895688426593 0.004280633618678395 7.884097573086816e-07 1.159720052752984e-05 0.0002861476734680626 0.03887420440479764 0.03067266754560493 0.002010388869149382 0.006502111648519326 9.114438023418681e-08 0.002196021106109219 0.0188342160257151 0.001950302676535335 0.004799243223549482 6.154306308418328e-05 0.004227194757282606 5.059208159872485e-05 0.001784186538816105 0.000723646960297659 0.005618470794125544 0.001638974170987304 0.004870444212926439 0.01746071884351858 0.01766286566757594 2.771871185858457e-06 0.002717728137386287 0.2513404076794154 0.006778235548747705 0.007127711594067942 0.00564148163333898 0.0009006417169864459 0.005717565852309923 0.002798074216634151 0.002321100031084818 0.04251841874708356 0.00389674110829389 0.09477592193927303 0.05150149661832698 2.526596682936224e-05 0.002580445547969299 0.005774021347847027 0.01164513978151526 8.408296508652248e-05 0.0367034450462745 7.37098061204602e-08 0.005312493335639664 0.0006900519767098532 0.006318373804019998 0.005111710555300073 0.007359536089521266 0.003923295158717257 4.989770895774097e-05 0.1967646356830506 0.0005906327924028204 0.0004457810962706107 0.0007560106936965765 0.0004904188082709496 0.0003948027101484266 0.004034350368226929 0.0002453796746071377 1.42182162646606e-06 2.522014728486062e-05 0.001182384675870778 0.0006794020374115905 0.0004210259026110145 0.00731399970331684 0.007046034280167272 0.003674208891168615 0.006041202826941867 0.01403403868948678 0.002338447790999602 0.00582280151300051 0.01145961968676391 0.0009881157925669458 0.002642881107319004 0.000336021370948621 0.002202646734439891 0.003297593305602444 0.01018623967906501 0.007948466812783269 0.004630621826211214 0.001737741648920752 0.08242806533115744 9.876811291143323e-06 0.003481507635027055 0.002772758487600128 2.791126642183893e-05 0.0005908946287182885 0.01211140728748555 0.007501391524333957 0.01297126826797675 0.002648464331984957 0.007154143793057782 0.004223385269314964 0.01363145472386853 0.005772042537645293 0.007850300407724676 0.02076264359478505 0.002028372836560402 0.006872976829301471 0.0006474137931142401 0.01973483520992425 0.0008009827117570411 0.008401540095235237 0.001061823465495371 0.0001314094011486468 0.001658428632925679 0.007976297498193341 0.004649805145610158 0.008689259845326034 0.0002708370084199311 0.06614231049829139 0.002742743795766546 0.006038200819777246 0.002103596444220054 0.00401996413926503 2.14689514950156e-05 1.111793908686196e-06 0.01377387924582408 0.001771153775129434 0.004145580736994425 0.000217664983448812 0.0003628857043824856 0.0005996356238377796 0.003796111510150627 0.01257884077440153 0.007339168551794608 0.0006919241972730136 0.002778197266102312 3.822003474368173e-05 0.005128791569916267 0.1091924291504077 0.000285691249564868 0.009890635951214822 5.900258474790717e-06 0.01268850699567751 0.004030200109876365 0.007177004788074299 0.005096973831941068 0.08769209605812574 0.0002001124178441378 0.009756327070260881 0.02785510331667318 0.0001247055685435555 0.000312137339949511 0.09891899831904066 0.006551346009079029 0.0006344833624046059 0.0001187232161159154 0.003600130828254299 0.005068214875437341 0.1688096828564314 0.004058430548879799 0.006750523278271982 0.0006135267405738172 0.009931548720917418 0.0007689772503704589 0.003006206136848704 0.001975809685174123 0.004238582888718292 0.0006554713569822974 0.0251380961282076 0.00139462752666719 0.0004950073835788993 0.0006301603663959282 0.00537795773203376 0.0001604378501902908 0.02887179763618587 0.0002059534073121488 0.007780345666187742 0.002941598458233328 0.0008132496034039735 0.001296376849308666 0.05277239807111393 7.283148843575412e-06 0.004574741455328091 0.007507705195578484 0.003110384563046479 0.0004856742442151227 7.469134528194348e-06 0.0002035848994425598 0.01865552837552999 0.0004529234877513616 0.003244390072046246 0.001078988503685728 0.0001464975149266996 0.0516810951325332 0.0001756950481173215 0.001074272012485492 0.01542687339870649 0.0002557029529514104 0.218811353417618 0.005430047586463395 0.00160561168829996 0.00401278189739392 0.007484230965259521 0.002068361993845588 0.01594339627082647 0.0001198513272292626 0.0003237592448317991 0.02043789867929336 0.1533406231767397 0.01290563350195987 0.00013927556299562 0.02030919087231564 0.0002789199741406503 0.001242314481966728 0.01099971860516703 0.0003290023024574169 0.001344037918851881 0.001221475187166841 0.004472888146395216 0.01206868515128258 0.00388602713790779 0.01103471795198944 0.05769394323827563 1.508132511613428e-05 1.302603834753902e-05 0.02154218847658529 0.002229111374278382 0.0680590272527269 0.0002393239537967065 0.0003668057186002036 0.00135326714130917 0.006296041431705216 0.001202384721378277 0.02689398287794612 0.0006588939187341578 0.001685482862555779 0.00347555001254225 0.005521460291231637 0.01166578962082769 0.002116153748012095 0.05490004580728351 4.208682636562985e-05 0.1297163133204156 0.005220336174880146 0.1446065482719716 0.0006213957941332361 0.0008534495564184098 0.004413755598755053 0.01207870763504195 0.004581915159997363 0.0002460592576204327 0.1210374698622792 0.1789541444685293 0.2750355146020066 0.007752634930838317 0.0002064881737707096 0.2727050805147032 0.0003101533364894337 0.001432245426722859 0.03506707715000109 0.0001686975077163194 0.005169413332393671 0.003634337664625392 0.01966990392006205 3.35554397569971e-05 0.01305296966902402 0.003783890295845135 0.0001546872452978454 0.000156269444833153 0.00504996568875895 0.03442700151496727 0.003017398294074944 0.01967661522022156 0.002878567668098974 0.001187365336787013 6.416680636235369e-05 1.601934954578187e-05 1.704164977214831e-05 0.008990850230374972 0.005270804497799676 0.001002968510735436 1.951456288284139e-05 0.006798292939188266 0.003725263323678439 0.05478994837498518 0.03232977384945128 0.000709714800978911 0.007055915404735594 0.01599694249587051 0.001918898738281861 0.0007557366339084172 0.006695907844894084 0.005592701398367553 0.0004403983301243026 0.009026050915874939 0.01121026612651273 0.02336420140729594 0.005752680775702922 0.00477070279147162 0.008254356670998242 0.0003216000763093525 0.005565872336285893 0.01517129622476764 0.006181270353161858 0.003109360732135812 3.149535255182976e-05 0.0002743550558179176 0.0006985873586921388 0.001059165994441333 0.002155145615104725 0.00558489032258442 0.01876021148435532 0.0006769641564116048 0.003905435383222549 0.004932455948870556 0.009714468602273431 0.002945865310894004 0.000196056565992829 3.199977869938181e-05 0.2085002186372917 0.001389096742062015 0.02432037558524085 0.003578576403007178 0.0167373256708495 3.911692757998614e-05 3.89413791414838e-05 0.003929973814508088 0.009664409058321171 0.0001042002602462931 0.001864022580646603 0.01251412440162363 4.0301651202645e-05 0.006583546894503733 0.02472494111674044 0.000149569482094308 0.2451620545888555 0.004984306240312473 0.003020401438591123 0.102433828527535 0.005712221239030424 8.128218902373781e-06 0.03699193447527038 0.002518529944936974 0.004698895763024561 