# Created by Octave 3.8.0, Fri May 02 00:00:21 2014 ART <jugutier@Jugumac.local>
# name: MAX_EPOC
# type: scalar
500


# name: train_error
# type: matrix
# rows: 1
# columns: 500
 0.1304016640375176 0.1105514904915026 0.1054013508103502 0.1005514797554439 0.0951106183858558 0.08856734151156447 0.08026160890721762 0.06976789221918271 0.0579575097859518 0.04690961028533473 0.03807344365624189 0.03159150828169895 0.02694583648508967 0.02355441552468957 0.02099960151498456 0.01902713517862765 0.01748368207626224 0.01626955585028955 0.01531387726572378 0.01456259413473139 0.01397276326192566 0.01350982365245027 0.01314611431056025 0.01285976569898064 0.01263367263951474 0.01245453856724582 0.01231204605779008 0.01219818247160868 0.0121067141052314 0.01203278380398703 0.01197260383996504 0.01192322006816006 0.01188232927539588 0.01184813672283002 0.01181924457072142 0.01179456436624762 0.01177324844405167 0.01175463624440585 0.01173821239710674 0.01172357406609451 0.01171040556248111 0.01169845864588365 0.01168753726594828 0.01167748576206632 0.01166817975117997 0.0116595191012548 0.01165142252006546 0.01164382339264651 0.01163666658204293 0.01162990597163707 0.01162350257711623 0.01161742309505565 0.01161163878546099 0.01160612460927278 0.01160085856022383 0.01159582114469093 0.01159099497419278 0.01158636444366106 0.01158191547511275 0.01157763531131758 0.01157351234783425 0.01156953599465299 0.01156569656084565 0.01156198515725115 0.01155839361344452 0.01155491440615025 0.01155154059694043 0.01154826577756556 0.0115450840216425 0.01154198984170554 0.0115389781508353 0.0115360442282379 0.01153318368826481 0.01153039245245364 0.01152766672423938 0.01152500296603877 0.01152239787845325 0.01151984838136951 0.01151735159676485 0.0115149048330465 0.01151250557077452 0.01151015144963374 0.0115078402565343 0.01150556991473354 0.01150333847388237 0.01150114410090912 0.01149898507166286 0.01149685976324556 0.01149476664696969 0.01149270428188413 0.01149067130881644 0.01148866644488556 0.01148668847844217 0.01148473626439949 0.01148280871991987 0.01148090482042638 0.01147902359591136 0.01147716412751673 0.01147532554436308 0.01147350702060692 0.01147170777270702 0.01146992705688315 0.0114681641667514 0.01146641843112216 0.01146468921194797 0.0114629759024094 0.01146127792512853 0.01145959473050012 0.01145792579513181 0.011456270620385 0.01145462873100917 0.01145299967386273 0.01145138301671422 0.01144977834711806 0.01144818527135963 0.01144660341346482 0.01144503241426952 0.0114434719305451 0.01144192163417588 0.01144038121138519 0.0114388503620068 0.01143732879879866 0.01143581624679627 0.01143431244270283 0.01143281713431434 0.01143133007997675 0.01142985104807377 0.01142837981654278 0.01142691617241775 0.01142545991139688 0.01142401083743395 0.01142256876235147 0.01142113350547487 0.0114197048932858 0.01141828275909403 0.01141686694272639 0.01141545729023199 0.01141405365360275 0.01141265589050824 0.01141126386404414 0.01140987744249338 0.01140849649909942 0.01140712091185089 0.01140575056327704 0.01140438534025305 0.01140302513381529 0.0114016698389854 0.01140031935460295 0.01139897358316624 0.01139763243068074 0.01139629580651477 0.01139496362326205 0.0113936357966107 0.01139231224521843 0.0113909928905936 0.01138967765698168 0.01138836647125703 0.01138705926281977 0.01138575596349705 0.01138445650744911 0.0113831608310794 0.01138186887294884 0.01138058057369382 0.01137929587594783 0.01137801472426672 0.01137673706505699 0.01137546284650743 0.01137419201852359 0.01137292453266513 0.01137166034208586 0.01137039940147637 0.01136914166700891 0.011367887096285 0.01136663564828476 0.01136538728331864 0.01136414196298112 0.01136289965010631 0.01136166030872524 0.01136042390402513 0.01135919040231008 0.0113579597709635 0.01135673197841192 0.01135550699409043 0.0113542847884092 0.01135306533272157 0.01135184859929327 0.01135063456127288 0.01134942319266334 0.01134821446829462 0.01134700836379746 0.01134580485557806 0.01134460392079364 0.01134340553732901 0.01134220968377407 0.01134101633940191 0.01133982548414792 0.01133863709858951 0.01133745116392673 0.01133626766196329 0.01133508657508864 0.01133390788626021 0.01133273157898676 0.01133155763731188 0.01133038604579829 0.01132921678951263 0.01132804985401071 0.01132688522532326 0.01132572288994215 0.01132456283480712 0.01132340504729283 0.01132224951519647 0.0113210962267255 0.01131994517048609 0.01131879633547172 0.01131764971105216 0.0113165052869628 0.01131536305329431 0.0113142230004826 0.01131308511929902 0.01131194940084095 0.01131081583652259 0.01130968441806596 0.01130855513749224 0.01130742798711339 0.01130630295952378 0.01130518004759237 0.01130405924445473 0.01130294054350564 0.01130182393839157 0.01130070942300357 0.01129959699147017 0.01129848663815065 0.01129737835762829 0.01129627214470387 0.01129516799438939 0.01129406590190177 0.0112929658626569 0.01129186787226362 0.01129077192651806 0.01128967802139793 0.011288586153057 0.01128749631781975 0.01128640851217603 0.01128532273277594 0.01128423897642484 0.01128315724007826 0.01128207752083718 0.01128099981594325 0.01127992412277416 0.01127885043883911 0.0112777787617743 0.01127670908933864 0.0112756414194094 0.01127457574997811 0.01127351207914633 0.01127245040512175 0.01127139072621411 0.01127033304083144 0.01126927734747619 0.0112682236447415 0.01126717193130755 0.01126612220593802 0.01126507446747648 0.01126402871484303 0.01126298494703074 0.01126194316310259 0.01126090336218794 0.01125986554347947 0.01125882970622999 0.01125779584974937 0.01125676397340146 0.01125573407660118 0.01125470615881161 0.01125368021954098 0.01125265625834009 0.01125163427479934 0.01125061426854617 0.01124959623924231 0.01124858018658124 0.0112475661102856 0.01124655401010469 0.01124554388581206 0.01124453573720302 0.01124352956409233 0.01124252536631189 0.01124152314370844 0.01124052289614142 0.01123952462348063 0.01123852832560431 0.01123753400239687 0.01123654165374699 0.01123555127954548 0.01123456287968345 0.01123357645405031 0.01123259200253198 0.01123160952500899 0.0112306290213547 0.01122965049143361 0.01122867393509958 0.01122769935219421 0.01122672674254524 0.01122575610596491 0.01122478744224839 0.01122382075117239 0.01122285603249362 0.01122189328594732 0.01122093251124596 0.01121997370807777 0.0112190168761056 0.01121806201496545 0.01121710912426538 0.01121615820358418 0.01121520925247032 0.01121426227044071 0.01121331725697975 0.01121237421153803 0.01121143313353158 0.01121049402234068 0.01120955687730897 0.01120862169774256 0.01120768848290907 0.0112067572320368 0.01120582794431397 0.01120490061888782 0.01120397525486394 0.01120305185130551 0.01120213040723259 0.01120121092162147 0.01120029339340408 0.0111993778214673 0.01119846420465247 0.01119755254175481 0.0111966428315229 0.01119573507265824 0.01119482926381473 0.01119392540359834 0.01119302349056659 0.01119212352322831 0.01119122550004318 0.01119032941942152 0.01118943527972388 0.01118854307926093 0.01118765281629308 0.01118676448903037 0.01118587809563221 0.01118499363420729 0.01118411110281335 0.01118323049945718 0.01118235182209445 0.01118147506862965 0.01118060023691609 0.01117972732475582 0.01117885632989967 0.01117798725004726 0.01117712008284705 0.01117625482589638 0.01117539147674158 0.01117453003287805 0.01117367049175041 0.01117281285075263 0.01117195710722814 0.01117110325847012 0.01117025130172157 0.01116940123417565 0.01116855305297577 0.01116770675521597 0.01116686233794109 0.01116601979814711 0.01116517913278139 0.01116434033874303 0.01116350341288316 0.01116266835200532 0.01116183515286575 0.01116100381217377 0.01116017432659223 0.01115934669273783 0.01115852090718151 0.01115769696644892 0.01115687486702085 0.01115605460533358 0.01115523617777944 0.0111544195807072 0.01115360481042257 0.01115279186318863 0.0111519807352264 0.01115117142271527 0.0111503639217935 0.01114955822855882 0.01114875433906883 0.01114795224934161 0.01114715195535627 0.01114635345305339 0.0111455567383357 