# Created by Octave 3.8.0, Fri May 02 00:00:21 2014 ART <jugutier@Jugumac.local>
# name: trainedNetwork
# type: cell
# rows: 4
# columns: 1
# name: <cell-element>
# type: matrix
# rows: 0
# columns: 0


# name: <cell-element>
# type: matrix
# rows: 4
# columns: 3
 0.5576542878318621 1.745936799914857 -0.08916426232788133
 -0.23043776373681 1.652443717228253 -0.02879006635393706
 -0.4712027956139922 1.706355920153892 0.004972737642417714
 0.05582803873060696 4.873319557457974 0.08149153000201596


# name: <cell-element>
# type: matrix
# rows: 3
# columns: 5
 0.5137028501351006 1.006025579389448 0.8991607034405725 0.4785357330429524 0.6940241164163506
 0.1570481263859042 2.825087206818029 2.794071441683063 3.186719470468261 4.061262456649007
 -0.4464971184115943 1.315957629958078 1.338409801185618 1.549596029875328 -1.25918879593189


# name: <cell-element>
# type: matrix
# rows: 1
# columns: 4
 -0.1388341449187958 -1.966515533651316 3.190660938633084 -2.384309050472716





# name: hiddenUnitsPerLvl
# type: matrix
# rows: 1
# columns: 2
 4 3


