# Created by Octave 3.8.0, Fri May 02 00:45:57 2014 ART <alexism@MacBook-Pro-de-Alexis.local>
# name: MAX_EPOC
# type: scalar
1000


# name: train_error
# type: matrix
# rows: 1
# columns: 1000
 0.1415186061278737 0.111591443784486 0.104769767187059 0.09687536095487689 0.08692670193058784 0.0749140393182382 0.06154511518141779 0.04798296037318317 0.03575772319121258 0.02781278734220634 0.02265373031665614 0.01918474213224505 0.01683309156922045 0.01562423361308403 0.01452716990315738 0.01390923940127765 0.01358188955343628 0.01341397997580471 0.01332837894343858 0.01438156034811359 0.0144271015011957 0.01440355382984775 0.0143739419624617 0.0143293206545005 0.01427452784408811 0.01421326873711679 0.01414820660283447 0.01532171338513649 0.015228181052871 0.01511467876122298 0.01499886421436656 0.01488661906348364 0.01477794026820465 0.0146727813300858 0.0157644950083833 0.01556564997254662 0.01543276423461059 0.01530202712928063 0.01517530069432219 0.01505264327796837 0.01493444515727767 0.01593789860788155 0.01571354826524444 0.01557524150855093 0.01544009891949767 0.01530972872447835 0.01518415881189575 0.01506381819989538 0.01597445809026374 0.01577326214387439 0.0156366258648631 0.01550123415601327 0.01537081375266778 0.01524580963062013 0.0151266412382658 0.01595592816771841 0.01578400789298489 0.01564767732569708 0.01551169497972488 0.01538142948729878 0.01525769878825011 0.0151407555940698 0.01590309934944132 0.01574982198395033 0.01561253935680309 0.01547765496516375 0.01535000856061445 0.01523026339427794 0.0151182936023602 0.0158218707856892 0.01568010270276752 0.01554497904373571 0.01541553975026552 0.01529477038134494 0.01518274907497482 0.01507889991674807 0.01572634431577427 0.0155942594517879 0.01546620665329641 0.01534634463988979 0.01523566025289692 0.01513365633502165 0.01503946686484482 0.01563162685182495 0.01550954194983198 0.01539206298395236 0.01528369256639334 0.01518403817693734 0.01509229241337718 0.01500751917865862 0.01554609222093381 0.01543443166909813 0.01532869780468901 0.01523168944934489 0.01514237339299166 0.01505989318433968 0.01498339604223429 0.01547187803967291 0.01537066770404945 0.01527631706686615 0.0151896401005578 0.01510948491386891 0.01503510465829329 0.01496579748035103 0.01540969174513624 0.0153187535371864 0.01523496366991972 0.0151576324541732 0.01508574266470029 0.01501871212682479 0.01495599256884373 0.01536245320713285 0.01528138579870136 0.01520725257126025 0.01513844022203186 0.01507412499700511 0.01501387852716504 0.01495727749418816 0.0153337309177945 0.01528409898415347 0.01521825354478925 0.01515582828553023 0.01509715278891669 0.01504194684429789 0.01498987806180198 0.01494063680953801 0.01489394798722156 0.01484957051920564 0.01480729388084268 0.01476693409839146 0.01472832999173925 0.01469133988275819 0.01465583879262848 0.01462171608174855 0.01458887346743763 0.01455722335595938 0.01452668743340469 0.01449719546933599 0.01446868429578209 0.01444109693153487 0.01441438182767369 0.01438849221497795 0.01436338553759667 0.01433902296023302 0.01431536893835729 0.01429239084272797 0.01427005863089921 0.01424834455951039 0.01422722293205951 0.01420666987760608 0.01418666315646854 0.01416718198950334 0.01414820690799726 0.0141297196215863 0.01411170290194495 0.01409414048027659 0.01407701695688529 0.01406031772132885 0.01404402888184255 0.01402813720289078 0.01401263004984913 0.01399749533994701 0.01398272149871124 0.01396829742124863 0.01395421243778881 0.01394045628298178 0.013927019068509 0.01391389125862023 0.01390106364825794 0.01388852734347096 0.0138762737438558 0.01386429452679515 0.01385258163328942 0.01384112725520165 0.01382992382375542 0.01381896399914424 0.01380824066112553 0.01379774690048658 0.01378747601128156 0.01377742148374904 0.01376757699782918 0.01375793641720822 0.01374849378382445 0.01373924331277766 0.01373017938758957 0.01372129655576777 0.01371258952463199 0.01370405315736438 0.01369568246925121 0.01368747262408625 0.01367941893070988 0.01367151683966159 0.01366376193992592 0.01365614995575509 0.01364867674355388 0.01364133828881493 0.01363413070309423 0.01362705022101893 0.01362009319732132 0.01361325610389401 0.01360653552686317 0.01359992816367766 0.01359343082021311 0.01358704040789061 0.01358075394081105 0.01357456853290617 0.01356848139510843 0.01356248983254172 0.0135565912417361 0.01355078310786877 0.0135450630020349 0.01353942857855109 0.01353387757229473 0.01352840779608227 0.01352301713808949 0.01351770355931632 0.01351246509109938 0.01350729983267399 0.01350220594878881 0.01349718166737416 0.01349222527726628 0.01348733512598923 0.01348250961759504 0.01347774721056355 0.01347304641576262 0.01346840579446911 0.01346382395645083 0.01345929955810958 0.01345483130068527 0.01345041792852045 0.01344605822738485 0.01344175102285927 0.01343749517877809 0.01343328959572902 0.01342913320960939 0.01342502499023777 0.01342096394001921 0.0134169490926634 0.01341297951195384 0.01340905429056663 0.01340517254893764 0.01340133343417638 0.0133975361190249 0.0133937798008604 0.01339006370073982 0.01338638706248513 0.0133827491518075 0.01337914925546899 0.01337558668048034 0.01337206075333326 0.01336857081926592 0.01336511624156033 0.01336169640086989 0.01335831069457625 0.01335495853617412 0.01335163935468242 0.01334835259408112 0.01334509771277232 0.01334187418306443 0.01333868149067868 0.01333551913427665 0.01333238662500797 0.01332928348607727 0.01332620925232942 0.01332316346985249 0.01332014569559692 0.01331715549701107 0.01331419245169167 0.01331125614704871 0.01330834617998416 0.01330546215658388 0.0133026036918219 0.01329977040927669 0.01329696194085896 0.01329417792655003 0.01329141801415085 0.01328868185904066 0.01328596912394522 0.01328327947871398 0.01328061260010593 0.01327796817158342 0.01327534588311409 0.01327274543098007 0.01327016651759451 0.01326760885132476 0.01326507214632214 0.01326255612235812 0.01326006050466614 0.01325758502378951 0.01325512941543452 0.01325269342032886 0.01325027678408516 0.01324787925706916 0.01324550059427265 0.01324314055519068 0.0132407989037031 0.01323847540796011 0.01323616984027178 0.01323388197700119 0.01323161159846122 0.01322935848881487 0.01322712243597867 0.01322490323152959 0.01322270067061464 0.01322051455186375 0.0132183446773053 0.01321619085228439 0.01321405288538372 0.01321193058834713 0.01320982377600537 0.01320773226620438 0.01320565587973573 0.01320359444026932 0.01320154777428813 0.01319951571102495 0.01319749808240121 0.01319549472296764 0.01319350546984671 0.01319153016267685 0.01318956864355849 0.01318762075700162 0.01318568634987505 0.01318376527135721 0.01318185737288836 0.01317996250812444 0.01317808053289219 0.01317621130514567 0.01317435468492426 0.01317251053431173 0.01317067871739677 0.01316885910023469 0.01316705155081032 0.01316525593900208 0.01316347213654722 0.01316170001700817 0.01315993945574005 0.01315819032985904 0.01315645251821222 0.01315472590134795 0.01315301036148774 0.01315130578249874 0.01314961204986751 0.01314792905067455 0.01314625667357008 0.01314459480875043 0.01314294334793568 0.01314130218434812 0.0131396712126917 0.01313805032913238 0.01313643943127949 0.01313483841816801 0.01313324719024188 0.01313166564933805 0.01313009369867185 0.01312853124282308 0.01312697818772316 0.01312543444064337 0.01312389991018401 0.01312237450626473 0.01312085814011594 0.01311935072427111 0.01311785217256064 0.01311636240010634 0.01311488132331767 0.01311340885988891 0.01311194492879759 0.01311048945030463 0.0131090423459554 0.01310760353858253 0.01310617295231024 0.0131047505125602 0.01310333614605895 0.01310192978084732 0.0131005313462914 0.01309914077309564 0.01309775799331789 0.01309638294038659 0.01309501554912015 0.01309365575574882 0.01309230349793898 0.01309095871482001 0.01308962134701424 0.01308829133666951 0.01308696862749511 0.01308565316480099 0.01308434489554049 0.01308304376835684 0.0130817497336336 0.01308046274354945 0.01307918275213721 0.0130779097153479 0.01307664359111979 