# Created by Octave 3.8.0, Fri May 02 00:45:57 2014 ART <alexism@MacBook-Pro-de-Alexis.local>
# name: trainedNetwork
# type: cell
# rows: 4
# columns: 1
# name: <cell-element>
# type: matrix
# rows: 0
# columns: 0


# name: <cell-element>
# type: matrix
# rows: 4
# columns: 3
 0.1640033041424551 16.02992660821145 0.8255630066177055
 -0.2950874765150149 2.710907606025465 -0.08074999947565935
 0.09854800382679486 3.133605453892033 -0.1628985863225468
 -0.07692984912439388 2.875797129488145 -0.1245453287379504


# name: <cell-element>
# type: matrix
# rows: 3
# columns: 5
 0.1447888277636439 -3.19692770393083 1.326077393586158 2.603704941117917 1.972507001900205
 0.01139365880946332 -8.979560122135853 3.910863443115136 3.594705171978585 3.689898327309597
 -0.928721004952784 2.729107274043276 4.164289692093337 5.204293377045084 4.487829899678783


# name: <cell-element>
# type: matrix
# rows: 1
# columns: 4
 0.1210424412222222 -0.637137187767751 -0.6568563481689841 1.095084494327445





# name: hiddenUnitsPerLvl
# type: matrix
# rows: 1
# columns: 2
 4 3


