# Created by Octave 3.8.0, Fri May 02 10:29:22 2014 ART <alexism@MacBook-Pro-de-Alexis.local>
# name: trainedNetwork
# type: cell
# rows: 4
# columns: 1
# name: <cell-element>
# type: matrix
# rows: 0
# columns: 0


# name: <cell-element>
# type: matrix
# rows: 4
# columns: 3
 0.3101351139950917 17.47496909798653 0.9231430915529439
 -0.151498181961892 2.834105837001349 -0.05071274180671256
 -0.1061263218952014 2.905950952152069 -0.07575723290828293
 0.4177630910891315 3.672129339173728 -0.2167974470800888


# name: <cell-element>
# type: matrix
# rows: 3
# columns: 5
 0.07254145666062078 -11.92531807526228 4.913600644119875 4.891914211286719 4.38784225096742
 -2.056201278361967 2.020678751507257 5.042773374695836 5.583274415073918 5.018676869901252
 -0.3572833423004291 -3.887525764434803 1.484565250233485 1.72818805108293 3.530368664021185


# name: <cell-element>
# type: matrix
# rows: 1
# columns: 4
 0.1140399098946878 -0.5994946945549605 1.098987605285585 -0.6650870582441089





# name: hiddenUnitsPerLvl
# type: matrix
# rows: 1
# columns: 2
 4 3


