# Created by Octave 3.8.0, Tue Apr 29 16:03:43 2014 ART <jugutier@Jugumac.local>
# name: MAX_EPOC
# type: scalar
500


# name: train_error
# type: matrix
# rows: 1
# columns: 500
 0.07361322391453075 0.07432864395412614 0.0753269585646402 0.0774131948812026 0.08034036354781113 0.08300771731788216 0.08282931751370999 0.07836805782341456 0.07107020792355428 0.05831126521239787 0.04080456967900805 0.02450982574154494 0.01327545188303362 0.006794104328392794 0.003348599036352893 0.001582138846640186 0.0007011162310835211 0.0002793021501907343 9.179674036108402e-05 1.981298341435299e-05 7.462752465515924e-07 2.34323847642059e-06 9.149663003613267e-06 1.518656145942718e-05 1.984107599694368e-05 2.5678685833789e-05 3.814646209412463e-05 6.769484589638368e-05 0.0001327848267071106 0.0002577569359023756 0.0004617464457710482 0.0007474739086650596 0.001101002569965976 0.001499767749002395 0.001920461438191174 0.002343507677477299 0.002754594563946841 0.003144420183194968 0.003507666442513356 0.003841861637537837 0.004146429676634349 0.004421991223365623 0.004669882756381886 0.004891836801263136 0.005089773488262982 0.005265666861362353 0.005421460918248667 0.00555901867323113 0.005680093119665392 0.005786312647971682 0.005879175905507883 0.005960052706567679 0.006030188695808515 0.006090712214393514 0.006142642329315087 0.006186897337611823 0.006224303298499202 0.006255602311804101 0.006281460373800358 0.006302474717715609 0.006319180597035914 0.006332057503041102 0.006341534829247126 0.006347997008390185 0.00635178815491553 0.006353216249497824 0.006352556903181063 0.006350056738190457 0.006345936420942108 0.00634039338066694 0.006333604244675608 0.006325727018780896 0.006316903038906749 0.006307258717511275 0.006296907106186352 0.006285949293682835 0.006274475656674227 0.006262566978793758 0.006250295451873334 0.006237725571850905 0.006224914940507072 0.006211914983006935 0.006198771590166189 0.006185525693415738 0.00617221377958205 0.006158868351853239 0.006145518342610527 0.006132189483208713 0.006118904635241171 0.006105684087346648 0.006092545821178392 0.006079505749776474 0.006066577931236603 0.006053774760261025 0.006041107139906302 0.006028584635592917 0.006016215613230443 0.006004007363104137 0.005991966211010025 0.00598009761795538 0.005968406269612147 0.005956896156579295 0.005945570646403251 0.00593443254820653 0.005923484170679155 0.005912727374117593 0.005902163617117559 0.005891793998464952 0.005881619294715313 0.005871639993898241 0.005861856325737293 0.005852268288738943 0.005842875674464013 0.005833678089262363 0.005824674973726904 0.005815865620090832 0.005807249187772806 0.005798824717251839 0.005790591142437536 0.005782547301678185 0.005774691947545021 0.005767023755504011 0.005759541331588419 0.005752243219161134 0.005745127904857847 0.00573819382378536 0.005731439364046193 0.005724862870649634 0.005718462648868816 0.005712236967091437 0.005706184059212457 0.005700302126608096 0.005694589339728803 0.005689043839347428 0.005683663737489003 0.005678447118074037 0.005673392037297624 0.005668496523768941 0.005663758578433187 0.005659176174292173 0.005654747255945035 0.005650469738962869 0.005646341509114709 0.005642360421457177 0.005638524299302596 0.005634830933078569 0.005631278079088792 0.005627863458190648 0.005624584754395917 0.005621439613409332 0.005618425641113865 0.005615540402012753 0.005612781417639469 0.005610146164945881 0.005607632074677538 0.005605236529748014 0.005602956863622125 0.005600790358718495 0.005598734244841919 0.005596785697658138 0.005594941837220903 0.005593199726562421 0.005591556370361904 0.005590008713701217 0.005588553640922229 0.005587187974599108 0.005585908474636164 0.005584711837509763 0.005583594695662592 0.005582553617069912 0.005581585104988556 0.005580685597905771 0.005579851469701892 0.00557907903004406 0.005578364525023388 0.005577704138054061 0.005577093991048093 0.00557653014588295 0.005576008606175472 0.005575525319378477 0.005575076179214656 0.00557465702846165 0.005574263662102352 0.005573891830852506 0.005573537245079587 0.00557319557912166 0.005572862476017323 0.005572533552654636 0.005572204405346862 0.005571870615838062 0.005571527757743991 0.005571171403427747 0.00557079713130822 0.005570400533600205 0.005569977224475554 0.005569522848639206 0.005569033090303808 0.005568503682550463 0.005567930417051219 0.00556730915413489 0.005566635833164037 0.005565906483194384 0.005565117233881749 0.00556426432659401 0.005563344125686865 0.005562353129895233 0.005561287983785591 0.005560145489217076 0.005558922616746378 0.005557616516918565 0.005556224531368783 0.00555474420367302 0.005553173289866448 0.005551509768560001 0.005549751850573364 0.005547897988008085 0.005545946882679687 0.005543897493830146 0.005541749045042395 0.005539501030277024 0.005537153218959765 0.005534705660046269 0.00553215868499619 0.005529512909594896 0.005526769234567393 0.005523928844933696 0.005520993208063094 0.005517964070397448 0.005514843452816876 0.005511633644637218 0.005508337196234569 0.005504956910308995 0.005501495831804815 0.005497957236525478 0.005494344618484515 0.005490661676053875 0.005486912296976683 0.005483100542332424 0.005479230629541128 0.00547530691451819 0.005471333873087783 0.005467316081784064 0.005463258198167159 0.0054591649407918 0.00545504106897252 0.005450891362488593 0.005446720601376944 0.005442533545959922 0.005438334917250843 0.005434129377881816 0.005429921513686633 0.005425715816067556 0.005421516665269716 0.00541732831466622 0.0054131548761595 0.005409000306778062 0.005404868396546024 0.005400762757679415 0.005396686815154231 0.005392643798673173 0.005388636736045478 0.005384668447974345 0.005380741544239709 0.005376858421243818 0.005373021260875864 0.005369232030642484 0.005365492484998498 0.005361804167801147 0.005358168415807559 0.005354586363126286 0.005351058946526688 0.005347586911512846 0.005344170819061048 0.005340811052922579 0.005337507827393615 0.005334261195457419 0.005331071057207254 0.005327937168459373 0.005324859149479869 0.005321836493742037 0.005318868576650866 0.005315954664168187 0.005313093921284155 0.005310285420287473 0.005307528148790546 0.005304821017478969 0.005302162867553343 0.005299552477847021 0.005296988571599209 0.005294469822876698 0.005291994862638805 0.00528956228444176 0.005287170649788261 0.005284818493125659 0.005282504326503921 0.005280226643900134 0.005277983925226601 0.0052757746400301 0.005273597250904113 0.005271450216619965 0.005269331995000519 0.005267241045544943 0.005265175831824142 0.005263134823656417 0.005261116499082174 0.005259119346147703 0.005257141864511613 0.005255182566886634 0.005253239980326881 0.005251312647372611 0.005249399127061377 0.005247497995815304 0.005245607848214608 0.005243727297663687 0.005241854976959484 0.005239989538768153 0.005238129656019904 0.005236274022224509 0.005234421351718953 0.005232570379849879 0.00523071986309847 0.005228868579155391 0.005227015326947018 0.005225158926623632 0.005223298219512699 0.005221432068042224 0.005219559355641038 0.005217678986619892 0.00521578988603881 0.005213890999566808 0.005211981293336241 0.005210059753799167 0.005208125387588873 0.005206177221390947 0.005204214301829295 0.00520223569536897 0.005200240488243123 0.005198227786405059 0.005196196715509922 0.005194146420930498 0.005192076067809566 0.005189984841150514 0.005187871945953817 0.005185736607396897 0.005183578071064172 0.005181395603226027 0.00517918849117442 0.005176956043611115 0.00517469759109629 0.005172412486556146 0.005170100105851427 0.005167759848410962 0.00516539113793034 0.005162993423135569 0.00516056617861604 0.005158108905727612 0.005155621133563854 0.005153102420001388 0.005150552352815239 0.005147970550870029 0.005145356665383016 0.005142710381263894 0.005140031418528073 0.005137319533787635 0.005134574521816639 0.005131796217194286 0.005128984496023775 0.005126139277727493 0.005123260526918922 0.005120348255351835 0.005117402523941277 0.00511442344486489 0.00511141118373381 0.005108365961839774 