# Created by Octave 3.8.0, Tue Apr 29 16:14:58 2014 ART <jperezcu@Javiers-MacBook-Pro.local>
# name: MAX_EPOC
# type: scalar
500


# name: train_error
# type: matrix
# rows: 1
# columns: 500
 0.1152362573547039 0.1084570285620022 0.09701400944132746 0.04830832848932856 0.001616281397342425 0.001261623013909172 0.003367941572028131 0.00475466951168602 0.005580125393314195 0.006045765470395509 0.006308573006893329 0.006461012978475903 0.006552774837810348 0.006610302362598778 0.006647902599003367 0.006673494931791733 0.006691572809469063 0.006704753313647067 0.006714602870561011 0.006722085916929176 0.006727813935290212 0.006732186847214359 0.006735475132955698 0.006737868549184582 0.006739505574798596 0.006740491486526703 0.006740909592815016 0.006740828282916726 0.006740305483073528 0.006739391490715462 0.006738130787565093 0.006736563207865336 0.006734724699382282 0.006732647828224598 0.006730362123780443 0.006727894325147981 0.006725268567988538 0.00672250653623265 0.006719627593691032 0.006716648904564933 0.006713585547969129 0.006710450629132124 0.006707255388422142 0.006704009308453249 0.006700720219026898 0.006697394399420332 0.006694036677447304 0.006690650524726794 0.006687238147652035 0.006683800573640586 0.006680337732337785 0.006676848531535091 0.006673330927651387 0.006669781990694282 0.006666197963681761 0.006662574316552942 0.006658905794639573 0.006655186461795547 0.006651409738312463 0.00664756843375784 0.006643654774891689 0.00663966042882086 0.006635576521556959 0.006631393652145714 0.006627101902539578 0.006622690843382552 0.006618149535880923 0.006613466529932963 0.00660862985869413 0.006603627029758876 0.006598445013145096 0.006593070226278076 0.006587488516181014 0.00658168513909448 0.006575644737767572 0.006569351316684765 0.006562788215522698 0.006555938081163872 0.00654878283863409 0.006541303661374977 0.006533480941318942 0.006525294259288749 0.006516722356315801 0.006507743106543188 0.006498333492464428 0.006488469583337458 0.006478126517712164 0.006467278491114592 0.006455898750039698 0.006443959593519982 0.0064314323836524 0.006418287566582615 0.00640449470555639 0.006390022527753773 0.006374838986711433 0.006358911342211904 0.00634220625956722 0.00632468993024046 0.006306328215720557 0.006287086816497413 0.006266931467847767 0.006245828163945689 0.006223743411537874 0.006200644514068041 0.006176499886690738 0.00615127940208675 0.006124954766371511 0.006097499923691923 0.006068891487346509 0.006039109194459194 0.006008136380421096 0.005975960468531493 0.005942573469565454 0.005907972485443424 0.005872160210841039 0.005835145426552623 0.00579694347878851 0.005757576739449342 0.005717075043867268 0.005675476104629045 0.005632825902964278 0.005589179062849995 0.005544599217457671 0.005499159382819996 0.005452942359521193 0.00540604118964038 0.005358559702839396 0.005310613191989506 0.005262329264590965 0.005213848920813977 0.005165327911520875 0.005116938429241162 0.005068871180766879 0.00502133788076014 0.004974574190378331 0.004928843102284284 0.004884438742346282 0.004841690517732265 0.004800967489950197 0.004762682788962961 0.004727297810704439 0.004695325856149611 0.004667334778334631 0.004643948109600679 0.004625844052701934 0.004613751646248575 0.004608443367774724 0.004610723425998591 0.004621411026454888 0.004641317985442933 0.004671220246480894 0.004711823179378391 0.004763721096719597 0.004827352274668783 0.004902951898099752 0.004990506590394515 0.005089715195467734 0.00519996084736048 0.005320298805112326 0.005449463049772588 0.005585892559580485 0.005727776005685944 0.005873111809466316 0.006019779319366152 0.00616561629200047 0.006308497737080344 0.00644641134149594 0.006577525052108714 0.006700242996106337 0.006813246808640843 0.00691552062213425 0.007006359353554557 0.007085361324473626 0.00715240745630162 0.007207630131226269 0.007251375212942586 0.007284160689087693 0.007306635013149616 0.007319537611898241 0.007323663315079472 0.007319831766948123 0.007308862270459353 0.007291554035371801 0.007268671462008501 0.007240933882753289 0.007209009081439811 0.007173509890086402 0.007134993197229249 0.007093960770371961 0.007050861379707435 0.007006093799030308 0.006960010344706159 0.006912920690081185 0.006865095758638992 0.00681677155404661 0.006768152829467835 0.006719416533271848 0.006670714994814989 0.006622178833723229 0.00657391959032495 0.006526032084741417 0.006478596518624277 0.006431680337454916 0.006385339873364011 0.006339621789117207 0.006294564343665356 0.006250198498781167 0.006206548885047443 0.006163634643987681 0.00612147016157461 0.006080065706780742 0.006039427987339617 0.00599956063346236 0.005960464618950533 0.005922138627965083 0.00588457937464514 0.005847781881830207 0.005811739724299692 0.005776445241223631 0.005741889721871777 0.005708063568083754 0.005674956436517758 0.005642557363287574 0.005610854873237124 0.005579837075796915 0.005549491749107499 0.005519806413858255 0.005490768398110007 0.005462364894188448 0.005434583008605424 0.005407409805830213 0.005380832346635705 0.005354837721648972 0.005329413080656219 0.005304545658148401 0.005280222795529649 0.005256431960363112 0.005233160762984965 0.005210396970775676 0.005188128520347084 0.005166343527873956 0.005145030297771575 0.00512417732990107 0.005103773325460309 0.005083807191707578 0.005064268045642056 0.005045145216757393 0.005026428248969883 0.00500810690181304 0.004990171150982105 0.004972611188299328 0.004955417421169226 0.004938580471582564 0.004922091174720923 0.004905940577213073 0.004890119935084301 0.004874620711438122 0.004859434573906713 0.00484455339190067 0.004829969233686776 0.004815674363319981 0.004801661237451749 0.004787922502036508 0.004774450988955795 0.004761239712573981 0.004748281866242683 0.004735570818768738 0.004723100110854216 0.004710863451523223 0.004698854714542532 0.004687067934845212 0.004675497304966648 0.004664137171497068 0.00465298203155958 0.004642026529316285 0.004631265452509302 0.004620693729040158 0.004610306423590472 0.004600098734288527 0.004590065989422611 0.004580203644205476 0.004570507277590119 0.004560972589139598 0.00455159539595134 0.004542371629639058 0.004533297333369395 0.004524368658958527 0.00451558186402494 0.004506933309201748 0.004498419455407522 0.004490036861174358 0.004481782180035859 0.004473652157972619 0.004465643630914437 0.004457753522301653 0.00444997884070204 0.004442316677484164 0.004434764204546301 0.004427318672100374 0.004419977406510378 0.00441273780818298 0.004405597349511661 0.004398553572872889 0.004391604088671727 0.0043847465734387 0.004377978767974904 0.004371298475545676 0.004364703560121578 0.004358191944664576 0.004351761609460976 0.0043454105904982 0.004339136977884408 0.00433293891431155 0.004326814593559384 0.004320762259040395 0.004314780202384651 0.004308866762062493 0.004303020322046782 0.004297239310510716 0.00429152219856242 0.004285867499014618 0.004280273765188844 0.004274739589753473 0.00426926360359328 0.004263844474712615 0.004258480907168744 0.004253171640034652 0.004247915446393483 0.004242711132359449 0.004237557536128629 0.004232453527055569 0.004227398004757454 0.004222389898243158 0.004217428165068973 0.004212511790516548 0.004207639786796892 0.004202811192276268 0.004198025070724481 0.004193280510585842 0.004188576624270983 0.004183912547469379 0.00417928743848213 0.004174700477573973 0.004170150866345194 0.004165637827120239 0.004161160602356659 0.004156718454069742 0.004152310663274205 0.004147936529443408 0.0041435953699838 0.004139286519724722 0.004135009330423396 0.004130763170285612 0.004126547423498777 0.004122361489780253 0.004118204783938407 0.004114076735446832 0.004109976788031718 0.004105904399269915 0.004101859040201081 0.004097840194949276 0.004093847360357686 0.004089880045632245 0.004085937771997683 0.004082020072362476 0.004078126490994172 0.004074256583204588 0.004070409915043876 0.004066586063004442 0.004062784613732121 0.00405900516374805 0.004055247319176783 0.004051510695483696 0.00404779491721969 