# Created by Octave 3.8.0, Tue Apr 29 16:39:27 2014 ART <jugutier@Jugumac.local>
# name: test_error
# type: matrix
# rows: 1
# columns: 286
 0.004258420290990714 0.0001412308357304902 0.001227929724025399 0.001624319540346977 0.001803818568488917 0.001186655939016445 0.03033838557065546 0.0003610519099158974 0.0004932779551566642 0.0007205420023379358 0.001818533513351167 0.0002913531362450004 0.0001812532075367476 0.0005100974043212758 0.0001059652629930236 0.001278862645885023 0.006361194576301389 8.994733317479008e-06 0.002142256577780913 1.608542108926887e-05 0.001003852230303985 0.0003894971342168116 0.0003790833410305358 0.005402550861073932 0.002457861290108346 0.003394179217109157 0.002455307093767085 0.0009269650308304085 0.003602281132810219 0.0002125126619032732 3.436182869817934e-05 0.007366190818489603 6.776738306801691e-05 0.005626926456976667 0.000164468038775746 0.001455926187546091 0.004418887670234656 1.224020997708218e-05 0.001703937040387165 0.0001407948970492104 0.0006176164704757459 0.0007646917506158463 0.237903971319638 1.280609831649034e-05 0.004395303039904101 0.001624501824232395 0.0004134846244515927 0.003674754811415704 0.002672836495225186 0.0001992169677220472 0.002126615661400071 5.415617976403444e-05 1.762594718640353e-05 0.000121494771058634 0.001793554160552838 0.003070491112078105 4.930475735723122e-06 0.02502392707733166 0.001371413073857081 0.0002948177292086483 0.001900989007580057 0.0006250877087713677 0.0006002073173253605 0.000380643759584082 4.088217082967046e-05 0.00186207594666261 0.005567637019792542 0.001643013015773728 0.002793416800022637 0.0004918975995881527 6.470239802786768e-05 0.001370891917016642 0.0144687474393606 0.05534895005386109 0.001109975534920756 0.005237993070939982 0.002724306180454013 0.0003332087519474001 0.0002963766952446341 0.006339676361682269 0.002435166020022389 0.001078075887211456 5.792530736532618e-05 3.030361997425279e-05 0.0001359052498947506 7.488507130353485e-05 0.001323804336877037 4.142701800946411e-06 2.483977194534581e-05 0.008794122268664101 0.0001292199314631084 0.004375558731978378 0.004303554741208852 0.009678928927903023 0.001590291448236174 0.002209802116019617 1.849621080038917e-06 7.486183438347785e-05 0.001143168021490926 0.0004974836463520433 0.0004487593140476352 5.026468244512856e-05 0.004841364386324942 0.001012171927058378 0.001172961055139504 0.008500654331700381 0.001079190634994844 0.002201758911156679 0.0001065421646133442 0.001026359780994978 5.488234172521543e-05 0.0004195791574480345 0.0001772985812784941 2.278403508550963e-05 0.0003609597029586949 0.00494974928562283 0.01425190229339753 0.005016842039017375 0.001321483368269862 1.473324926721721e-05 0.0008204933074708016 0.001744913466466666 1.527178579387899e-06 0.2606162190661747 0.001420484961013382 0.003088350561191182 0.007229878762474773 0.002164110193839424 0.006820721972036462 8.480919895725991e-06 0.0002288329020673535 0.0005455466876359326 0.003133805126825865 0.0002940749076559635 7.467464408396117e-05 0.002746655742318476 0.0007160432334093982 0.009222121970541668 0.0002971357512571728 2.182325573434331e-06 0.001513352725008851 0.001003836402289513 0.0002507411552609312 0.005976669208685555 5.240918395439983e-07 0.004716452988418602 0.0001631285773314302 0.004039499981123795 0.007829606934927916 0.001236540852305821 0.0004119835568357563 0.002045255173262051 0.0003068359053589232 0.003310847875986641 0.001469302329428562 0.0004037807427012962 0.0002223240368695988 0.0002196933353959489 0.0001744888642624589 0.001084918646702663 0.001113637456675226 2.636247792593246e-05 0.001469256918803987 0.0003781453749864385 0.002757681930105509 0.000595250993688478 0.0005060271923154696 0.04920621265300631 0.00264004475067024 0.0007951494449078455 0.0006813061962950847 3.327382975917214e-07 0.0009138784052772178 0.0004559837269157563 0.001529528433988385 0.01567119010357823 0.0008208074790789165 0.001203707562857014 0.0004252936513034347 0.0003567991008019431 3.542991978166695e-05 0.0004344501027657263 0.0006402692665375676 0.03729660396253181 0.00341522250051671 0.02123705756479178 0.0001748310970239378 0.0002147081954547056 0.001880759663622883 0.0003560247135116469 0.0001052548083749558 0.001732459134635141 0.0002369749893677613 0.009022152622816646 1.14677103126526e-05 2.412995972740901e-05 0.004602140987166283 0.008184824422239384 1.721645285361128e-06 0.001504974870899118 0.002125497289913788 0.0001429439043776942 0.001805823504817041 0.0007444603381290549 0.0006855818760520237 0.003452330629698356 7.907610988987954e-06 6.236140278208321e-05 0.0005236683481298028 0.0001084053054026585 0.0004104420207711187 0.0006704320717049587 0.002011700113345327 0.4683127162825813 1.472598248897932e-05 0.0004339931596922496 0.0004359817341744983 0.001133160880088841 0.001553295096366039 0.02248541253565076 0.0008567881051598044 0.001404381952737713 0.001791308006685474 5.740405919226064e-07 0.009568756090492724 0.06456977521164717 0.0007185777394552194 1.108583970674172e-05 0.000920700645026093 0.0004911720302959528 0.0007593937361889182 0.001120376925258543 0.0002658019138005435 0.0003619138505974264 0.0003423511044748686 0.001781581045738547 5.181601299978364e-06 0.01009712304962058 0.0005313999868700035 0.0003970267130606555 0.002989432865697071 0.001360982820938927 0.00174170648225022 0.002787765736423316 0.0002462812456562099 0.001077545564697444 3.137216160986893e-05 6.007377821777304e-05 0.004860420641600202 1.045000405655239e-05 0.0350262688978757 9.970092446253373e-07 0.0003709329831733192 0.02072916569809629 0.003500481642455997 0.009072768954031163 0.002548222903013849 0.001272313827565052 0.02296593895909492 0.01756522602845913 0.0153688486152281 0.001357801045166893 0.0002449495011094551 0.02132629397996319 0.001330178190809896 9.759827088691575e-05 0.0001927545322692758 0.002609542519402067 0.01078588044805601 0.01123968193527592 9.785103789093661e-06 0.0007115353967668925 0.0616290406365774 3.949877042981804e-05 0.001133591778407601 0.0005555476671875432 0.008300301157153271 0.4586484287560496 0.002078875417706493 0.0006788617333272471 0.0005367255183372895 0.001518202173257985 0.001408091530272195 0.0009162387402279849 0.008493324580308955 0.001644287389653694


