# Created by Octave 3.8.0, Tue Apr 29 16:39:44 2014 ART <jperezcu@Javiers-MacBook-Pro.local>
# name: test_error
# type: matrix
# rows: 1
# columns: 167
 0.007690211077548619 0.002047078664823314 0.003142287686401082 0.006518721865023246 0.0009084131173321296 0.001987931286078181 5.355452475389134e-05 0.006121963671220359 0.0002426025390610731 0.001028179334505015 0.00109873518351562 6.395117126467062e-05 0.006834857749159183 0.004803543906212564 0.001072483819257617 0.0001148130745588534 0.008900864680960839 0.0004466935019022188 0.004978353799036424 0.001530052755583546 0.01270930167445175 0.007251025080745341 3.219654450607662e-07 0.03666477130724285 0.004374778515779042 0.0006572410976247452 0.0006783499065770619 0.008683217995947992 0.001084534328711898 5.878008654826335e-06 0.0001390171278178452 0.00119932025287701 0.002288502588118929 2.531554032699657e-05 0.0001324528988073944 0.00158016506335491 0.0004538485066677478 0.001050264618551932 0.004144575815052005 0.000189155203605 0.002869065486231139 1.113237726225756e-05 0.0008625394648706659 0.01024490271338734 0.0004969244202052951 0.0001743536670646667 0.01502776619851512 0.06068716986341489 0.005691988165154814 0.0003240096730854265 0.0002788069550017775 0.001854776159242759 0.0009255375882914706 0.002085160554297113 0.004418011705685849 8.21098855662928e-06 0.001979434714664452 1.529692786523222e-07 0.001176138578878081 0.005872464993356235 0.003412116203807289 0.00209416467604205 0.0001207544509784566 0.0005994931703259323 0.00100101220465206 0.01132517849449045 0.0001369353093359959 0.004022857531662751 0.0003290610551220503 0.001708455028386241 0.0001111196917703647 0.00278341870257661 0.001273662765188017 0.002325685342558128 0.001672781823946586 7.669285111288779e-08 0.003067324219677705 0.0014079894154267 0.0003177554133240003 0.003506592168760845 0.005067431846046057 2.171618561676763e-05 5.638576629692062e-05 0.003616934116695373 0.006524083526697555 0.006274536017349655 0.00151569444620436 0.002725818375577126 8.906190805497984e-06 0.0003186070361174734 0.0002292741079887475 0.003434104454114429 0.0150473348826056 0.0003798808070938108 1.101267466855603e-06 0.004651782282063688 4.6528905898753e-05 0.001622744802074315 9.478259309656502e-06 0.004014209466839153 0.0006401572080030467 0.0001129932287177954 0.05225175411143935 0.004938167677111123 0.004781477681096219 0.006539827456832468 0.003067900462511947 0.00140350632947023 0.0003806323097073469 0.0002116287812840419 0.00235483170992107 0.008253735731954485 0.009962901370287247 1.857154213494301e-06 0.001404522793586217 0.0001314540650259905 0.0002898465320459768 0.0002030582617420186 0.01201249645595793 0.008635004723128916 0.01209791630014875 0.0002239300367450749 1.697837868048352e-05 0.008835959808439214 0.01469250972368662 0.0005444754243439555 1.752537594592596e-05 0.006069963415037221 0.4575993171154856 0.0001352581378616594 0.0002325714038318077 0.001924641377810129 2.333959061082982e-05 0.001992337925697618 0.0007102154041174849 0.003855442239841229 0.0003539696464393767 0.0009315037835427011 0.0006312146172283693 0.0003480633942555166 9.699269520385696e-06 0.0004677229725057686 0.01525929390312728 0.02292260329356809 4.137723379775949e-05 1.714643277825132e-05 0.0009026818638777496 0.0002728626535493769 0.0001462685714472022 0.0002847616729235055 0.01608569871463586 0.01571616637821613 0.001090692965538278 0.01534786888487188 4.342055542679496e-05 7.610290522275482e-05 0.0002093286029115433 0.04996590440080878 0.003963637613131957 0.001111243925190425 0.0003603987847726417 0.4530889052466432 0.0005055178121645477 0.004334770704991509 0.004077309597916594 0.0001193610247884019 0.0003068889924684107


