# Created by Octave 3.2.4, Mon May 26 22:17:19 2014 Hora estándar de Argentina <unknown@unknown>
# name: weights
# type: cell
# rows: 1
# columns: 50
# name: <cell-element>
# type: cell
# rows: 4
# columns: 1
# name: <cell-element>
# type: matrix
# rows: 0
# columns: 0
# name: <cell-element>
# type: matrix
# rows: 4
# columns: 3
 0.08889380688557763 1.643551132376437 -0.1456290611235167
 -0.07555037857983971 -1.490390266706495 0.0727349076741375
 -0.02102487081759674 -4.640295950245123 -0.05168327904578422
 -0.3299840500008532 0.883797318674335 0.1696948704601901
# name: <cell-element>
# type: matrix
# rows: 3
# columns: 5
 -0.3081378451596489 2.742983396764493 -1.507208452102581 -4.688401577556366 0.1166804623559409
 0.2415445385461706 1.246825417946917 -0.7287075542828143 0.1514843867772193 0.5452800454035183
 0.2328260660826799 -1.000141260196036 1.507876537033256 -0.5859932440616841 -0.5398193964026184
# name: <cell-element>
# type: matrix
# rows: 1
# columns: 4
 0.05386003101736458 3.110631254163291 -2.137096379947392 2.864630791585606


# name: <cell-element>
# type: cell
# rows: 4
# columns: 1
# name: <cell-element>
# type: matrix
# rows: 0
# columns: 0
# name: <cell-element>
# type: matrix
# rows: 4
# columns: 3
 -0.00372810763791014 1.386561922064235 -0.01721711564017812
 0.07991349684413433 -4.626093914516541 -0.04962626082187323
 0.3753404238387041 1.841806819065836 -0.1558528798097815
 0.473514885182039 -1.369000897383156 -0.0239156269941935
# name: <cell-element>
# type: matrix
# rows: 3
# columns: 5
 -0.2009728918785537 0.9813019727511252 0.6972854661404763 0.8630786729519788 -1.226293883559997
 -0.1063321446678357 1.155414308692586 -4.388989295401825 2.848934635482886 -1.318798128807213
 0.169395659089377 0.9894388469751351 0.2367533216946924 1.11636627745759 -0.5335529173362907
# name: <cell-element>
# type: matrix
# rows: 1
# columns: 4
 -0.0002328262677105391 -2.525370288326386 3.049590597192071 -2.341882580617883


# name: <cell-element>
# type: cell
# rows: 4
# columns: 1
# name: <cell-element>
# type: matrix
# rows: 0
# columns: 0
# name: <cell-element>
# type: matrix
# rows: 4
# columns: 3
 0.2932466031491139 1.765469092450513 -0.110155694729501
 -0.1165335003362277 5.540590794187646 0.009964606438395796
 0.3559627865386387 -1.57244109014814 0.005321617839520677
 0.05345207527341608 0.04131762069980816 0.2985380335686306
# name: <cell-element>
# type: matrix
# rows: 3
# columns: 5
 8.427714335961748e-005 0.2824883653558864 -0.2418658639210338 0.4282159050071304 -0.2872948584805272
 -0.02469597249585854 1.848833244262179 -1.053452713673116 -1.666282919231682 0.04191943252458737
 -0.1496753067972127 -2.202025543022673 -5.158228100665645 1.265302544125173 0.1201049194523474
# name: <cell-element>
# type: matrix
# rows: 1
# columns: 4
 0.06254597655525561 0.1707218775591153 -3.683376082019489 -2.413299369635592


# name: <cell-element>
# type: cell
# rows: 4
# columns: 1
# name: <cell-element>
# type: matrix
# rows: 0
# columns: 0
# name: <cell-element>
# type: matrix
# rows: 4
# columns: 3
 0.0133400012605095 -4.577585406627198 -0.01852527714181386
 0.004318953049680378 1.570395866201945 -0.05891500407226398
 -0.1748466638615747 0.9490359909210695 -0.02558586184237666
 -0.0325548966736904 -1.49372701654997 0.04693493480054533
# name: <cell-element>
# type: matrix
# rows: 3
# columns: 5
 0.004350387658362486 -0.1421088579262324 -1.329482161034706 -0.3040940673256436 0.7831505392866386
 0.07029460960523969 4.552418473765132 -2.563823505477623 -0.4646476105711736 1.934770837872401
 -0.07656847347992295 -0.5647226717025429 -1.287906627454855 -0.7420840725123745 1.080933203452965
# name: <cell-element>
# type: matrix
# rows: 1
# columns: 4
 0.1758092136175502 2.188294177686318 -3.156375274556409 2.812328542428731


# name: <cell-element>
# type: cell
# rows: 4
# columns: 1
# name: <cell-element>
# type: matrix
# rows: 0
# columns: 0
# name: <cell-element>
# type: matrix
# rows: 4
# columns: 3
 0.1208211427713142 -0.6871443945388864 0.1077047850085247
 -0.01405684285826964 2.592804640191074 0.06024220527909768
 -0.1683983420656593 1.750214822260775 -0.06740056457041535
 0.1509013815754667 1.933582975622832 -0.03162051479735824
# name: <cell-element>
# type: matrix
# rows: 3
# columns: 5
 -0.2147772302930808 0.4927225567792399 -0.03028320551515487 -0.8006084244942107 -1.05059520583899
 0.0902698826854096 0.3218877821829266 -0.6293747831800259 -0.8981710096859977 -0.534098320831436
 -0.1082814280797755 0.07720167280891629 3.867673376237406 3.415590245439201 3.490348076867372
# name: <cell-element>
# type: matrix
# rows: 1
# columns: 4
 0.1794649677752697 2.495263748684439 3.480728361139143 4.265338224905464


# name: <cell-element>
# type: cell
# rows: 4
# columns: 1
# name: <cell-element>
# type: matrix
# rows: 0
# columns: 0
# name: <cell-element>
# type: matrix
# rows: 4
# columns: 3
 0.03313586431160504 0.6561404408653697 0.07977324169170284
 -0.3605156116676182 1.487620720412888 -0.004110335365970797
 0.06236130585353191 -5.496310861394236 -0.01336354066971547
 -0.3005963224481624 -1.760061314670683 0.1283829009350151
# name: <cell-element>
# type: matrix
# rows: 3
# columns: 5
 -0.2289525923327912 0.2372204650923329 -0.979284372823813 0.28455147300696 0.6864297737161148
 -0.1301749906895885 0.2012784739331592 0.7104606530279679 -5.172125341353698 -2.333096511704239
 -0.1404098403440531 0.6397154360534082 1.317410493192274 1.11987548775344 -1.807056263367526
# name: <cell-element>
# type: matrix
# rows: 1
# columns: 4
 0.05524250433452234 1.17582938877174 2.531497188166812 -3.101598240422798


# name: <cell-element>
# type: cell
# rows: 4
# columns: 1
# name: <cell-element>
# type: matrix
# rows: 0
# columns: 0
# name: <cell-element>
# type: matrix
# rows: 4
# columns: 3
 -0.2794961442931824 1.183931793897344 0.008031611272698629
 0.1839989407355786 -1.366349559020439 0.0184758595207808
 -0.3322415328106966 -1.423719955253098 0.1047585315780125
 0.04448746301027733 5.51359608788428 -0.002754454401720169
# name: <cell-element>
# type: matrix
# rows: 3
# columns: 5
 0.1977418386450298 -0.2391206589627597 0.5569543186825087 0.3780967674766633 -5.373518804632438
 0.04071581148033991 -0.9660141281362975 1.362012711860159 0.9148033974275723 0.8038696367586758
 0.2210461274401443 0.6118143530616292 -0.674177768649759 -1.132873859830751 0.1137733441307796
# name: <cell-element>
# type: matrix
# rows: 1
# columns: 4
 0.1716428769254213 -2.866300712707825 2.624132918088592 -2.128694306316623


# name: <cell-element>
# type: cell
# rows: 4
# columns: 1
# name: <cell-element>
# type: matrix
# rows: 0
# columns: 0
# name: <cell-element>
# type: matrix
# rows: 4
# columns: 3
 -0.238545769990968 1.107896195764914 0.08426324288196636
 -0.08599674214909601 4.853879724553256 0.05122734758088578
 0.1007323796659981 -1.403703543914815 0.04522213628133495
 -0.1584860909928775 -1.770663461353232 0.145023810721797
# name: <cell-element>
# type: matrix
# rows: 3
# columns: 5
 -0.01912999112477221 0.2003143152534554 4.599877152972645 -1.184813078639954 -2.911731779045085
 -0.08283035756134093 0.8707861319927803 -0.7390638589038385 -1.285512145559013 -1.099611390870638
 0.2301578006856647 0.5412304633485863 -0.1508182842443304 -0.6185152996374859 -1.251518184134356
# name: <cell-element>
# type: matrix
# rows: 1
# columns: 4
 0.120177888537772 2.971592390149881 -2.863336104722103 -1.91697998647579


# name: <cell-element>
# type: cell
# rows: 4
# columns: 1
# name: <cell-element>
# type: matrix
# rows: 0
# columns: 0
# name: <cell-element>
# type: matrix
# rows: 4
# columns: 3
 -0.1400283663780584 0.9846188405318417 -0.00310397651737333
 -0.03507289221345446 -4.775238003251254 -0.01319773988780702
 -0.317345888233916 -1.539115260889236 0.09662303246255577
 -0.172764300890047 1.562561212906236 -0.02943532419432156
