# Created by Octave 3.8.0, Thu May 01 23:22:14 2014 ART <jugutier@Jugumac.local>
# name: MAX_EPOC
# type: scalar
500


# name: train_error
# type: matrix
# rows: 1
# columns: 500
 0.1667248260651657 0.1391362505949004 0.1205299060022211 0.1092449098563824 0.1035827257216659 0.09964317866900708 0.09574378646425755 0.09128785404697708 0.08605026281882601 0.07998748074548405 0.07319287742014038 0.06584849413111005 0.05820494493228184 0.0506290829758674 0.04359639087693829 0.03751372183277949 0.03253980679072365 0.0285944523007668 0.02548542743008665 0.02301412438220053 0.02102085919141058 0.01939064275184613 0.01804372025965939 0.01692404704373209 0.01599044800227226 0.01521105987863962 0.01456019518943167 0.01401662423047579 0.01356258187638845 0.01318312790914342 0.01286568886568682 0.01259970337688176 0.01237633185407649 0.01218820877387558 0.01202922558819521 0.01189433834992425 0.01177939751973086 0.01168099883695479 0.01159635437680894 0.011523182627915 0.01145961602660222 0.01140412408362071 0.01135545009941479 0.01131255947526981 0.01127459774944924 0.01124085667576382 0.01121074687998299 0.01118377585073085 0.01115953022945882 0.01113766154992477 0.01111787473790101 0.01109991881656755 0.01108357937414364 0.01106867244060674 0.01105503949295439 0.01104254336638605 0.01103106489473098 0.01102050013976444 0.01101075809769623 0.01100175879368641 0.01099343169303785 0.01098571437176294 0.01097855140033578 0.01097189340326069 0.01096569626411025 0.01095992045129793 0.01095453044435576 0.0109494942441169 0.01094478295314051 0.01094037041510276 0.010936232903823 0.01093234885418614 0.01092869862852753 0.01092526431312131 0.0109220295402978 0.01091897933244768 0.01091609996477476 0.01091337884416119 0.01091080440192424 0.01090836599858977 0.01090605383909456 0.0109038588970697 0.01090177284705698 0.01089978800367749 0.01089789726691207 0.01089609407277109 0.01089437234872976 0.01089272647339009 0.01089115123990068 0.01088964182272633 0.01088819374741137 0.01088680286302394 0.01088546531700708 0.01088417753219451 0.01088293618577752 0.01088173819003374 0.01088058067464971 0.01087946097048772 0.01087837659466384 0.01087732523681764 0.01087630474646739 0.01087531312135468 0.01087434849669293 0.01087340913524192 0.0108724934181389 0.01087159983642303 0.01087072698319609 0.01086987354636796 0.01086903830193938 0.01086822010777996 0.01086741789786196 0.01086663067691481 0.01086585751546756 0.01086509754525009 0.01086434995492556 0.0108636139861294 0.01086288892979199 0.01086217412272398 0.01086146894444488 0.01086077281423741 0.01086008518841064 0.01085940555775739 0.0108587334451914 0.01085806840355167 0.01085741001356173 0.010856757881933 0.01085611163960177 0.01085547094009042 0.01085483545798399 0.01085420488751383 0.01085357894124102 0.01085295734883208 0.01085233985592081 0.01085172622304993 0.01085111622468691 0.0108505096483088 0.01084990629355117 0.01084930597141654 0.01084870850353804 0.0108481137214946 0.01084752146617388 0.01084693158717935 0.01084634394227887 0.01084575839689123 0.01084517482360846 0.01084459310175111 0.01084401311695403 0.01084343476078091 0.010842857930365 0.01084228252807456 0.01084170846120107 0.01084113564166857 0.0108405639857628 0.01083999341387842 0.01083942385028345 0.01083885522289923 0.01083828746309514 0.01083772050549694 0.01083715428780762 0.01083658875064012 0.01083602383736089 0.01083545949394359 0.01083489566883219 0.01083433231281287 0.01083376937889398 0.0108332068221937 0.01083264459983465 0.01083208267084496 0.01083152099606569 0.0108309595380637 0.01083039826104984 0.0108298371308022 0.01082927611459372 0.01082871518112433 0.01082815430045683 0.01082759344395665 0.01082703258423502 0.01082647169509538 0.01082591075148282 0.01082534972943628 0.01082478860604355 0.01082422735939855 0.01082366596856104 0.01082310441351844 0.01082254267514972 0.01082198073519112 0.01082141857620367 0.01082085618154245 0.01082029353532733 0.01081973062241517 0.01081916742837348 0.0108186039394553 0.0108180401425754 0.01081747602528742 0.01081691157576239 0.01081634678276801 0.01081578163564902 0.0108152161243084 0.01081465023918959 0.0108140839712592 0.01081351731199083 0.01081295025334939 0.01081238278777614 0.0108118149081744 0.0108112466078959 0.0108106778807276 0.01081010872087916 0.01080953912297085 0.01080896908202199 0.01080839859343986 0.01080782765300904 0.01080725625688107 0.01080668440156473 0.01080611208391642 0.01080553930113114 0.01080496605073366 0.01080439233057002 0.01080381813879939 0.01080324347388625 0.01080266833459267 0.01080209271997109 0.01080151662935717 0.01080094006236293 0.01080036301887015 0.01079978549902392 0.01079920750322647 0.01079862903213114 0.01079805008663646 0.01079747066788063 0.01079689077723591 0.01079631041630333 0.01079572958690748 0.01079514829109148 0.01079456653111205 0.01079398430943478 0.01079340162872938 0.01079281849186521 0.01079223490190681 0.01079165086210958 0.0107910663759156 0.01079048144694938 0.01078989607901398 0.01078931027608687 0.01078872404231621 0.01078813738201699 0.01078755029966725 0.01078696279990453 0.01078637488752226 0.01078578656746611 0.01078519784483069 0.01078460872485607 0.01078401921292439 0.01078342931455662 0.01078283903540926 0.01078224838127117 0.01078165735806035 0.01078106597182087 0.01078047422871978 0.01077988213504404 0.0107792896971975 0.01077869692169798 0.01077810381517428 0.01077751038436331 0.01077691663610716 0.01077632257735029 0.0107757282151367 0.01077513355660709 0.01077453860899615 0.01077394337962978 0.01077334787592236 0.01077275210537405 0.01077215607556812 0.01077155979416829 0.01077096326891608 0.01077036650762819 0.01076976951819393 0.01076917230857257 0.01076857488679086 0.01076797726094043 0.0107673794391753 0.01076678142970933 0.01076618324081375 0.01076558488081472 0.01076498635809079 0.01076438768107054 0.01076378885823012 0.01076318989809085 0.01076259080921682 0.01076199160021251 0.01076139227972051 0.01076079285641902 0.01076019333901975 0.0107595937362654 0.01075899405692752 0.01075839430980416 0.01075779450371768 0.01075719464751245 0.01075659475005271 0.01075599482022032 0.01075539486691259 0.01075479489904014 0.01075419492552475 0.01075359495529725 0.01075299499729541 0.0107523950604619 0.01075179515374215 0.01075119528608239 0.01075059546642761 0.01074999570371958 0.01074939600689484 0.0107487963848828 0.01074819684660377 0.0107475974009671 0.01074699805686927 0.01074639882319203 0.0107457997088006 0.01074520072254183 0.01074460187324244 0.01074400316970727 0.01074340462071746 0.01074280623502888 0.01074220802137037 0.01074160998844209 0.0107410121449139 0.01074041449942373 0.01073981706057607 0.01073921983694037 0.01073862283704952 0.01073802606939839 0.01073742954244232 0.01073683326459575 0.01073623724423072 0.01073564148967558 0.01073504600921356 0.01073445081108154 0.01073385590346863 0.01073326129451502 0.01073266699231072 0.01073207300489427 0.01073147934025166 0.01073088600631516 0.01073029301096215 0.01072970036201409 0.01072910806723543 0.01072851613433258 0.0107279245709529 0.01072733338468379 0.01072674258305164 0.010726152173521 0.01072556216349365 0.01072497256030778 0.01072438337123711 0.0107237946034902 0.01072320626420952 0.01072261836047086 0.01072203089928251 0.01072144388758465 0.01072085733224866 0.01072027124007648 0.01071968561780004 0.01071910047208069 0.01071851580950858 0.01071793163660229 0.01071734795980815 0.01071676478549994 0.01071618211997837 0.01071559996947066 0.0107150183401302 0.01071443723803616 0.01071385666919312 0.01071327663953085 0.01071269715490391 0.01071211822109148 0.01071153984379706 0.01071096202864829 0.01071038478119674 0.01070980810691774 0.01070923201121021 0.01070865649939658 0.01070808157672268 0.01070750724835757 0.01070693351939361 0.01070636039484633 0.01070578787965439 0.01070521597867966 0.01070464469670717 0.01070407403844515 0.0107035040085251 0.01070293461150187 0.01070236585185371 0.01070179773398239 0.01070123026221336 0.01070066344079582 