# Created by Octave 3.8.0, Fri May 02 19:31:02 2014 ART <jugutier@Jugumac.local>
# name: test_error
# type: matrix
# rows: 1
# columns: 400
 7.59106679917209e-06 2.60363660596865e-05 0.002218538071397612 0.004652022100608359 0.02190770816151034 0.01364693370452121 0.004848602853258504 0.001051755357830055 0.0006326201085953314 0.001319106161299558 0.02544730142369063 0.0006153931013664253 0.005333861938506948 0.01283907443432006 0.0006961351062385945 0.008549936280949893 0.05456545513176629 0.008221952968164374 0.006049989353265067 0.008413024746563995 0.0002863540894540978 0.001935339865816077 0.01826123780717402 1.069164280038311e-05 0.005987169588807096 0.03761108138776185 0.01089550991480695 0.00561038052397183 0.003333501103796778 0.00446959092498211 0.0001905275405696563 0.0397694481995054 0.0004967967051797467 0.01384548271067337 0.007102185102195762 0.003186481404385184 0.003303325336277688 6.057143391203972e-05 0.101064940792975 0.003894398786278371 4.866475368281643e-05 0.000107176738718954 0.0001439801392101405 0.04462358129970148 0.02893716123905896 0.00102037605042182 0.005148157607233702 3.29849572198497e-07 0.002864858917116733 0.02268880945630735 7.812066294000711e-06 0.006709863396350256 5.466708316674314e-07 0.003019774415024517 0.001950518983399348 0.001173873125678041 0.001311711779583907 0.005748871540665505 0.001510025260994273 0.005456395507926479 0.02005490315020046 0.01898889000423024 2.570984971224191e-05 0.001826393577301107 0.2629779754855727 0.00604293918209736 0.00772461779146977 0.005197166450564992 0.00117284836555785 0.005275535713629281 0.002209121331174373 0.001703453697829904 0.03999462998840057 0.004495391175400061 0.09369711357341301 0.04487630560972745 9.005565272770373e-07 0.00215908212300415 0.006577295340328327 0.01375027644992913 0.0002788123382235392 0.03629317829344109 8.727511621687808e-06 0.007411000163441903 0.00125214844032039 0.0054630013799115 0.005099555114669779 0.007073648214391903 0.004188682134880468 0.0002465909023150281 0.2105213033586243 0.001119363581983715 0.001146616129986672 0.0005649372451820378 0.0009729143171866078 0.0002412861511887147 0.002636390774910887 0.0005013303456919249 5.369469876696369e-07 1.917608722666779e-05 0.0004851487552999677 0.001233999851582416 0.0005754407765378078 0.007319602036852241 0.006330340726367201 0.005004791600797766 0.007333191122577282 0.01526038616394382 0.00256252782116802 0.004576530642369621 0.01149153951591674 0.0005850061800543208 0.002300169520531768 0.0007810674861688944 0.001180314466793312 0.003691650182351944 0.01021040442617829 0.007537617164553589 0.005967882754313279 0.0009994937271066626 0.08780106643339235 6.803931751151079e-06 0.003537912126495504 0.002646724624720645 0.0001652898220273012 0.001119716402270359 0.01352547535585685 0.007046311501253835 0.01269511633877365 0.002248909637040681 0.007672723566575741 0.005609156977973549 0.01479248411911089 0.004906388771210235 0.007636728114329864 0.01689525761463307 0.001048772973968295 0.005262013918173512 0.001164056621249486 0.01997774583807967 0.001162829206772368 0.009351536353813356 0.0007785375828620328 0.0003625555782379217 0.001607895482241114 0.008453180595455927 0.006364015972583623 0.008630863591561557 0.0006360545442622708 0.07363690323639063 0.00283414775228493 0.004534808970841504 0.001525909171032873 0.004693642348904768 0.0001768451591494427 4.239777697569488e-05 0.01499200596292087 0.00153282092004939 0.003521572670660054 0.0004889530770168678 0.000250051719740933 0.001126737752977912 0.003230840158254333 0.002389632240502245 0.006804072326622724 0.001267740754410607 0.002346155624873829 9.77073776675429e-07 0.004155148321391047 0.09325332544560573 0.004903419171879429 0.007900755782356774 0.0001110240531141985 0.002321397624916798 0.003300565514955792 0.006512568340811279 0.004463592173327616 0.0858945372775724 0.0002029792866059628 0.01013138521238024 0.02647483794276667 0.0003152195952902611 0.000661347151475227 0.08951744357309373 0.007278928410416328 0.0003256174151491992 0.0003377807134744038 0.004155752253937315 0.005612836624990689 0.1643095576205247 0.003252378069151773 0.005149143768104957 0.0008166328745789869 0.009345978007575915 0.00137157260207438 0.00253757551801459 0.00204495129101732 0.004306692496682133 0.0001927648490695711 0.02933051967464859 0.001520041777206689 0.0003750383820408356 0.001179087580020941 0.005754591021208339 0.0001807160039483233 0.01228820003595398 2.107040366851712e-05 0.006922096104909423 0.002349890579552017 0.001344506957064486 0.001278854843747276 0.05735241087903376 1.240887992789757e-05 0.005018000089976735 0.006953135328900452 0.002048032601134483 0.0007893050175025468 2.530165487432445e-05 0.0004508150414040861 0.02780528319634394 0.0005120190278667008 0.002792357535217374 0.0007810947023070083 0.000382664689276955 0.0496241007318281 0.0001597394161977359 0.0004498863353135327 0.01696187360742259 0.0001288019922346456 0.216511485828908 0.004032010853296849 0.001419857372724632 0.002895581632937459 0.007382649306730916 0.001449613431910817 0.01670286070254036 0.0002079703466432398 0.0005298427809938544 0.0218776430026593 0.1527008091647096 0.0135788616433757 0.0001724424855891406 0.02110513420092222 0.0003911800341842211 0.001741097705691948 0.01079860905457672 0.0007431951781064276 0.000901007523652591 0.000560411417860836 0.004140235820445345 0.01254941079638164 0.005578947797706301 0.01186890257517283 0.0564961915900795 0.0001155042745806534 0.000209087990334704 0.02337393325193027 0.003610178718516092 0.05142886200659803 0.0004462725422966378 0.000477063356922783 0.0009308583076047355 0.005492290192862731 0.001250173821170077 0.02634229882976065 0.0004456098957915445 0.002112380021888698 0.005171718679056554 0.004640645601836053 0.01285264717612363 0.002170495728030217 0.05358580490826779 1.07274559855769e-06 0.1387727992958968 0.006133700264487608 0.1544129924212491 0.0003625370557528908 0.001666564906427426 0.004180214859022513 0.01316196666190737 0.003153784034290418 0.0004980798301767354 0.1316668150390073 0.1437897789551051 0.2773554149662284 0.006104768168926761 9.849720548851432e-05 0.2645873159584751 0.0007122663992697571 0.001448697591204202 0.03434575754938533 0.0001333748644099612 0.004629336660218621 0.004342754477620528 0.01852692510187032 0.0001531868703802946 0.01326803647737023 0.003416629187215038 2.42586785611841e-05 3.170254099198384e-05 0.004733932835938356 0.0161666303562244 0.003449567683131041 0.02076977334448187 0.003178714632655062 0.0009514559625345304 0.0002418169526927547 2.23632356457359e-05 3.524546123807346e-06 0.009996767867475026 0.004397238725740648 0.0006844409870306339 3.753893321662216e-07 0.006472259390723442 0.002402869731403052 0.05260179763327173 0.03244035921030262 0.0005184415491310215 0.000560662312020064 0.01729012637993275 0.001753612068179178 0.001342773356045262 0.007350381969422853 0.006441536206456444 0.0001853783033685878 0.01011446658966581 0.01085473561685522 0.02426763376153541 0.004148615554523855 0.004795205418274703 0.007172977696757859 0.000709112817509896 0.006252996770793946 0.01464824762801433 0.007577230340038192 0.002087123554182557 0.0002000490529539881 0.0003876827766746242 0.0008619022825358302 0.001509243099858244 0.001947815669318904 0.005084828081723071 0.02048365452155598 0.000450865704215619 0.004228307938624043 0.003491181884514787 0.009954207752576759 0.002257488347398894 0.0004572148516487323 0.0001431372130090828 0.1992187924013367 0.0009087380072539412 0.02302135171793204 0.003413369442799492 0.01605682257848597 0.0001905419295166587 0.0001692435655655642 0.003168585617014341 0.00969092093213598 0.0003162871000323553 0.001761809176854597 0.0124040330180591 2.939801477237001e-05 0.008008432494225289 0.02596349536691727 0.0003875191078810967 0.2405821561082338 0.004123765633838654 0.003307101216608366 0.09833146451096887 0.005553572618379489 9.959304797254165e-05 0.02671264848802981 0.003169441417276097 0.006071567312153649 0.0183215047201189 