# Created by Octave 3.8.0, Thu May 01 23:22:14 2014 ART <jugutier@Jugumac.local>
# name: trainedNetwork
# type: cell
# rows: 4
# columns: 1
# name: <cell-element>
# type: matrix
# rows: 0
# columns: 0


# name: <cell-element>
# type: matrix
# rows: 4
# columns: 3
 0.1222606791118208 2.726110706210594 -0.2365399765048884
 0.686477558383862 1.617509119636251 -0.05098610965536916
 -0.02884099077268669 4.409902648192993 0.213004094254938
 -0.8393995604274641 1.694219778115488 0.04232141920402314


# name: <cell-element>
# type: matrix
# rows: 3
# columns: 5
 -0.4588608418046553 0.4226020889228567 0.8210799651235547 -0.6533032190443696 1.900079627887213
 0.6312952650298767 0.429985825051379 1.439658998509643 0.09674732447955017 1.055187332578618
 0.2268349600175586 3.476258023349242 0.9551988309628675 4.394616930319775 1.750870496676601


# name: <cell-element>
# type: matrix
# rows: 1
# columns: 4
 -0.161693252159394 -2.405603477596916 -2.519555469472473 3.30187008824253





# name: hiddenUnitsPerLvl
# type: matrix
# rows: 1
# columns: 2
 4 3


