# Created by Octave 3.8.0, Fri May 02 00:30:06 2014 ART <alexism@MacBook-Pro-de-Alexis.local>
# name: MAX_EPOC
# type: scalar
1000


# name: train_error
# type: matrix
# rows: 1
# columns: 1000
 0.1447718066437919 0.1154798093883676 0.1085298375319401 0.1039235104050495 0.09870497688096964 0.09242217479677649 0.08503631578461918 0.07670793797358785 0.0672849879288558 0.05694704480761729 0.04723346181908116 0.03951319691826816 0.03389245110930623 0.02982887550552048 0.0267460588606709 0.02425874168933125 0.0221655815183917 0.02037284273631544 0.01883596999560708 0.01753236117412152 0.01644730930705264 0.01556319795992271 0.01485490996035297 0.01429305085723856 0.01384954871931587 0.0135005722049727 0.01322668633072961 0.01301211534655526 0.01284408615067167 0.01271234688808579 0.0126087627498023 0.01252694633089413 0.01246192423259758 0.01240984867925062 0.01236775693433035 0.01233337560166336 0.01230496416598356 0.01228119149452065 0.01226103937522932 0.01224372786691693 0.01222865800525124 0.01221536814452195 0.01220350088347167 0.01219277811348765 0.01218298223658619 0.01217394203041184 0.01216552199185189 0.01215761427584575 0.01215013256939052 0.01214300741173724 0.01213618259993148 0.01212961241338235 0.01212325946017659 0.01211709299809069 0.01211108761990068 0.01210522221950792 0.01209947917536165 0.01209384370261001 0.01208830333670806 0.01208284751980509 0.0120774672677999 0.01207215490098331 0.01206690382504385 0.01206170835217191 0.01205656355426586 0.01205146514198509 0.01204640936473082 0.01204139292766362 0.01203641292265927 0.0120314667707185 0.01202655217382363 0.01202166707460985 0.01201680962251348 0.0120119781452946 0.01200717112501968 0.0120023871777419 0.01199762503624083 0.01199288353528572 0.01198816159897085 0.01198345822974197 0.0119787724987922 0.01197410353755597 0.01196945053007139 0.01196481270601774 0.01196018933426539 0.01195557971680152 0.01195098318291685 0.01194639908355821 0.01194182678576695 0.01193726566713709 0.01193271511023843 0.01192817449695889 0.01192364320272784 0.01191912059058901 0.011914606005095 0.01191009876600022 0.01190559816173017 0.01190110344260752 0.01189661381381493 0.01189212842807461 0.01188764637802344 0.01188316668826034 0.01187868830704024 0.01187421009758521 0.01186973082898042 0.01186524916661663 0.01186076366213716 0.01185627274284007 0.011851774700481 0.01184726767941386 0.01184274966399911 0.01183821846520005 0.01183367170627814 0.01182910680748722 0.01182452096965434 0.01181991115652219 0.01181527407571251 0.01181060615815414 0.0118059035358004 0.01180116201744039 0.01179637706238528 0.01179154375178517 0.0117866567573024 0.01178171030683407 0.01177669814693948 0.01177161350158456 0.0117664490267673 0.01176119676053243 0.01175584806781887 0.01175039357951149 0.0117448231249827 0.01173912565731273 0.01173328917026392 0.01172730060595324 0.0117211457520146 0.01171480912686444 0.01170827385147603 0.01170152150582337 0.01169453196787018 0.01168728323264025 0.01167975120850867 0.01167190948738099 0.01166372908486952 0.01165517814591179 0.0116462216104867 0.01163682083314254 0.01162693314892663 0.01161651137696337 0.01160550325132021 0.01159385076687853 0.01158148942562612 0.01156834736603951 0.01155434435494697 0.01153939061736679 0.01152338547520946 0.01150621576032609 0.01148775396111241 0.01146785605471485 0.01144635896890943 0.01142307760918012 0.01139780137796355 0.01137029010550924 0.01134026930722628 0.01130742468399943 0.01127139579513881 0.01123176886706984 0.01118806876822681 0.01113975030277493 0.01108618918355783 0.01102667338131678 0.01096039606894627 0.01088645214967898 0.01080384142659343 0.01071148282474275 0.01060824554306566 0.01049300410019628 0.01036472395473748 0.01022258117640108 0.01006611182912716 0.009895373832650116 0.00971108917233153 0.009514725749150948 0.009308486936062711 0.009095207670572982 0.008878196826507508 0.008661090701344179 0.008447771118205107 0.008242357312482369 0.008049226974913205 0.007872980837599821 0.007718246271758085 0.007589227441938637 0.007488981541290608 0.007418563182708231 0.007376378934974943 0.007358142146356203 0.007357563049107704 0.007367506185577427 0.007381146768161506 0.007392780535139615 0.007398195056877319 0.007394687347489246 0.007380867601593602 0.007356371266360027 0.007321561620685995 0.007277267577773591 0.007224574441614065 0.007164669048499015 0.007098732608650331 0.007027871700810203 0.006953077881232353 0.006875207655442728 0.006794976213661479 0.006712959901179765 0.006629603706921952 0.006545231067222343 0.006460054013944339 0.006374182175933152 0.006287629391617312 0.006200316711413975 0.006112070342629048 0.006022612578542871 0.005931542916165807 0.005838305416991167 0.005742137154503984 0.005641992410022512 0.005536441987265855 0.005423569416343796 0.005300966097290648 0.005166180239609143 0.00501865027967348 0.004865292389361528 0.004730418118198465 0.004656291945154148 0.004671634893144671 0.004764490561138889 0.004897780865996946 0.005034808526032239 0.005154645603935405 0.005250762317625505 0.005323807747331595 0.005376622050900885 0.00541220245725602 0.005433196568234456 0.005441893915682869 0.005440301895330117 0.005430197448672893 0.005413149011926579 0.005390524869138117 0.005363500450191031 0.005333069766685566 0.005300061337958299 0.005265156979997335 0.005228911553951591 0.005191772183954418 0.005154096000663724 0.00511616592717204 0.005078204347880404 0.005040384704195594 0.005002841175166661 0.004965676655620094 0.004928969261127656 0.004892777583634006 0.004857144903943593 0.004822102544037377 0.004787672517349532 0.004753869611019666 0.004720703012016497 0.004688177569464988 0.004656294768659111 0.004625053477999659 0.004594450518242543 0.004564481093677864 0.004535139116895436 0.004506417452325935 0.004478308098531038 0.004450802325010816 0.004423890775910867 0.004397563550288645 0.004371810266392955 0.004346620115633104 0.004321981910462972 0.004297884129232345 0.004274314960095927 0.004251262345301594 0.004228714026549512 0.004206657591631788 0.004185080522179506 0.004163970242073606 0.004143314165886893 0.004123099746618692 0.00410331452194061 0.004083946158187878 0.00406498249139276 0.004046411564750864 0.004028221662032027 0.004010401336582714 0.003992939435705785 0.003975825120341579 0.003959047880101533 0.003942597543820811 0.003926464285891496 0.003910638628714986 0.003895111441669155 0.003879873937020493 0.003864917663231588 0.003850234496113362 0.003835816628260105 0.003821656557181767 0.003807747072513753 0.003794081242648671 0.003780652401090329 0.003767454132787663 0.00375448026066497 0.00374172483252047 0.003729182108429871 0.003716846548754216 0.003704712802821468 0.003692775698324513 0.003681030231454266 0.003669471557768534 0.003658094983782271 0.003646895959252422 0.003635870070122806 0.003625013032086984 0.003614320684724681 0.00360378898616466 0.003593414008226232 0.003583191931992698 0.003573119043771788 0.003563191731400004 0.003553406480850795 0.003543759873110043 0.003534248581284119 0.003524869367911341 0.003515619082448604 0.003506494658908965 0.003497493113629816 0.003488611543151761 0.00347984712219365 0.003471197101709199 0.003462658807013085 0.003454229635968197 0.003445907057224393 0.003437688608502881 0.003429571894920367 0.003421554587348793 0.003413634420806856 0.00340580919288097 0.003398076762172871 0.003390435046773598 0.003382882022761495 0.00337541572272407 0.003368034234303589 0.003360735698765184 0.003353518309588981 0.003346380311084664 0.003339319997029837 0.00333233570933198 0.003325425836714335 0.003318588813425906 0.003311823117976026 0.003305127271893791 0.003298499838511974 0.003291939421776873 0.003285444665082788 0.003279014250132405 0.003272646895822601 0.00326634135715575 0.003260096424176506 0.003253910920934385 0.003247783704471431 0.003241713663835119 0.003235699719116593 0.003229740820513321 0.003223835947416782 0.00321798410752429 0.00321218433597445 0.003206435694507026 0.00320073727064523 0.003195088176901777 0.003189487550006921 