# Created by Octave 3.8.0, Fri May 02 19:39:44 2014 ART <alexism@MacBook-Pro-de-Alexis.local>
# name: test_error
# type: matrix
# rows: 1
# columns: 400
 0.001520431991350972 0.0001349455663538333 6.005429322574013e-06 2.923734051880366e-05 0.0001030308606801482 0.002095401543063615 0.0001254898398299024 0.0004841881330097486 0.000265477064961602 0.0006123437845855119 0.04669546926512531 0.000110927261553677 2.336776569711371e-05 0.001054716462165622 2.419072980166382e-05 0.001005752733240607 0.004578845292250527 0.0007862038684640341 0.0001077130674459379 0.001598796099565567 0.002009065735302801 4.944381988109842e-05 3.282716443145641e-06 0.002581025414113742 0.0003485940541304655 0.0001753659872748089 0.001591560413984867 6.32760142910002e-05 0.005119219611261307 6.331137803702485e-05 0.0001463596618182791 0.001046582060171546 0.0007369217153186232 7.650809534767896e-05 0.002358971471004125 0.0005961219680046326 2.956937302717131e-05 0.000398208903613343 0.008373559711222106 0.0008050109885541191 0.0005527831411248109 0.001116462677382548 2.762111395081518e-05 0.0009459359242585466 0.00504881948771862 0.0008478414331175011 0.0004027605333875438 5.519843614484435e-05 0.005628740488758182 0.0004205650169689178 0.005004742094950707 0.002468200298692015 0.0003944748093593956 3.429190891016103e-05 0.02306418194505967 2.413230543723205e-05 5.000814122522277e-05 5.904113825309382e-05 0.003253909877909526 0.005406973208533459 0.008409245840577874 3.426747695735434e-05 0.0001127605649531596 0.00016932117809783 0.07478572555824073 1.970897593510087e-05 0.002278130191571471 7.792172851368169e-05 3.179072473362535e-05 5.34584132827832e-05 0.0001918969198843454 0.02308205007295617 0.005430186535859797 1.279205526690543e-05 0.01009081682968711 0.000771564398293045 0.0004393142531362216 2.705101662027951e-05 0.003304645676961286 0.007551401022527189 0.0005256164055814877 0.01188518389021313 0.01079826518730373 0.001249954021432267 1.625505225150081e-05 2.832935886957575e-06 0.006464694935155135 0.001417740403810492 0.001379520357735956 7.026947095261103e-05 0.02526382827954236 4.762756661849335e-06 0.002120377827999943 0.002663443452488468 2.087545540054433e-05 3.11373254402475e-05 4.603951379765586e-06 5.551940257269966e-05 0.0005648860875210172 0.0003650281205116418 2.903210399432129e-05 1.366929503660157e-05 0.0006767012049465999 0.0007896706998391573 3.185748256874508e-05 0.0002257078242453438 0.003375535627966837 0.0002336707813127007 0.0004834292810979682 0.0003739824804613298 0.0002095461201530336 4.167962971052724e-05 0.004578397606882329 0.001845321000377079 2.379025044457032e-07 1.966591273190156e-06 0.0001453215173137929 0.0007202225987096317 7.619317478527243e-05 0.0001448834893969512 0.003155840417372157 4.236590864149714e-05 0.002371918359405086 8.544223188668216e-05 0.0004543693423948947 4.784613310142624e-06 0.0001018483898894571 0.0006666729648329413 0.0007302654275676893 0.0004800585764873762 0.0002391046942297481 0.0001538161135509795 0.0003464380549314853 0.001005032743179542 0.001381753118133258 1.001754544803691e-06 1.607958823926821e-06 0.0001754276218455218 6.452136593534079e-06 0.0009514102278521825 2.222856873575433e-05 0.0001122694508072069 6.763731076487729e-05 0.0007425902740778521 0.0001327589427347624 0.005942304467510312 0.0009958108491814545 0.0001009475204718727 3.923779863531008e-05 8.300287306335591e-05 0.002512462791110481 0.0002947845722220067 0.0001832081105548707 0.0006785882540607767 0.0001191768585659156 0.0002286584093341352 0.0006435000355540223 0.0001495967957113365 0.0004338923112755489 0.0007330573275552438 2.471466540652172e-05 4.497449894639128e-05 2.334085042560881e-06 0.0142888461282406 0.000179115448564138 4.494548224092179e-05 4.858828776067347e-06 0.0004192803267278466 8.250234439985295e-06 0.003249731646910554 0.03434809011542304 0.0003338669177477901 0.0001166927359751459 0.0162537407169141 1.419697085628051e-05 0.001739957092409672 1.68003864756948e-05 0.0001661406514933181 0.0008111990102373948 0.004995551551056267 0.001535152132909357 0.000602017698104661 0.01373038569084169 0.005306399282986639 0.0001170228077122152 0.001188636004835814 0.0005764032612101613 3.154419791021776e-06 0.00561488120526988 0.01172307895040193 0.0008661907136690747 0.0002202530506091857 0.0003127674629985064 0.0003881570940998815 4.042497428708748e-05 7.68424577241761e-07 0.001475702776152214 7.554734286772443e-05 0.0001481490798892375 0.001055708608432726 0.0001561288607091539 0.0001097882677570316 3.831593795806918e-05 0.0004230092295571055 0.002279530518263121 0.01121465796199099 0.0003641596135907799 0.0006180399651937352 8.667003520281779e-05 2.796191984397527e-05 6.135568551539749e-08 0.006496716658416342 0.0001530844731344894 0.0002033503943350698 0.0001771313030198227 0.0001611256982945381 0.0002222731373946873 0.0006394158793793841 0.0007047887751438739 0.03669094574074498 0.0003402534010454055 3.672910630247549e-06 0.001284260568605858 0.0006239771546898546 0.02485072855845276 0.0002614766614407156 0.0001735524936282916 3.431344173692823e-05 0.001360930114646797 0.007408794973948133 0.0003285178934833248 9.037491287022689e-05 2.976606168329172e-05 6.040191997992631e-05 1.439171754844164e-05 9.112667514574565e-05 3.081594681587379e-05 0.0009263705692053798 0.0004647436733678851 0.002679431890122178 0.0001013316373639854 0.001006955865408079 0.00273108560794852 0.001245297228732818 7.9796905852048e-05 0.0002868035213813332 4.502861583941834e-09 0.004386441676169914 0.0001947447415238688 0.003645562518140753 0.00110583658327816 0.002653276659166373 0.001346433891319775 0.001930233742777061 0.01915332167348246 0.001475426202431694 0.0002455066544888678 0.001086965316172859 0.01601335935989933 6.388803359056178e-05 0.0001623465774400636 0.001841386119477517 4.019534182801487e-06 0.0006781565393449549 0.004508838696991689 0.0008584935839800816 0.0009757484837251976 1.073689347678663e-05 0.001100529898701017 0.0004537850268228549 1.380437048332576e-05 0.02546304779999607 0.0001493645564247453 0.00228972768890181 0.005150864604894115 0.02720836945456795 0.0009435924402476426 0.000167943448137386 3.168913234128436e-05 5.561443497459107e-05 4.045907479044306e-06 0.0008336830505115993 0.01237690838307576 7.854998967625182e-06 0.09260170728876375 8.375262404113948e-05 0.0001038256780383678 0.09093655811205191 2.509649050572596e-08 0.006475451682239853 0.03434019974553842 1.733480193885905e-08 3.203095529469231e-05 3.237025316780873e-08 0.002207916774792576 0.0003698828730306905 0.001855283078993152 8.66357152217776e-06 4.053804479145718e-05 0.001185325122423493 0.02483131588525863 0.005992221508964244 0.0004947857084202889 0.0001666429468915583 0.0003575217120123297 2.019932706458807e-05 0.000485649509964677 0.0008035315576385198 0.0001432823079043776 0.002693091559434348 0.001078830799594406 0.0001743831531229234 0.0006925450313756348 0.0001131219639805009 9.464046539048952e-06 0.0005690614097175251 0.001378183886958507 1.285996069187842e-07 0.01631571776286091 0.0003169620341670749 1.473431000217889e-05 8.500154069390695e-05 2.140201939915999e-07 0.0002665278230563834 2.61281104170012e-06 0.002335388003216674 0.000580433307233286 0.000506251641062916 2.236654321676642e-06 3.713751568923505e-05 0.0004577524090322683 2.371406176503336e-05 0.005757319297169802 0.0002157285923800863 0.004823860233614198 6.052922629150752e-05 8.736166966930093e-05 0.0009962297537530957 2.87714957673307e-06 7.943112445280573e-05 8.009830676134014e-05 4.517611212893969e-05 0.0001871347173640267 0.002124224324406479 3.40852976701354e-06 3.456860111327167e-05 0.0009554738180077192 0.0004548912634494869 0.0006973792502642904 6.644143627725269e-06 0.002899368867215873 0.0001017937201266522 0.001071730059765235 0.0007307521719292292 0.02189235430443152 0.0004231673734599815 0.0002733985091058377 6.602113595873146e-06 0.001111947826574808 0.0007011903849020696 0.0004897235216525857 0.000483237272678189 0.001071239254216415 0.004991791776966774 