# Created by Octave 3.8.0, Fri May 02 00:30:06 2014 ART <alexism@MacBook-Pro-de-Alexis.local>
# name: trainedNetwork
# type: cell
# rows: 4
# columns: 1
# name: <cell-element>
# type: matrix
# rows: 0
# columns: 0


# name: <cell-element>
# type: matrix
# rows: 4
# columns: 3
 -0.01107268870898964 5.086211797131832 3.041323276044317
 0.6128667069440006 2.46133229770924 -0.03730842062476891
 0.02361203335394638 4.947717839340291 -3.000553934499067
 -0.4597981237625232 2.370735275580913 -0.04602306649930313


# name: <cell-element>
# type: matrix
# rows: 3
# columns: 5
 0.05607353075068863 -2.383701717292422 3.376196288041018 -2.627292635078013 4.30515633209878
 -0.1348800979075571 2.523838041844559 3.868092457011333 2.37568116929784 4.970749761719894
 0.06824401811231008 0.430931967348555 0.6881388186046339 0.5356771812488279 1.000530279219472


# name: <cell-element>
# type: matrix
# rows: 1
# columns: 4
 0.04706813296391513 -3.398431605558904 3.703375775638041 -2.035307890617815





# name: hiddenUnitsPerLvl
# type: matrix
# rows: 1
# columns: 2
 4 3


