# Created by Octave 3.8.0, Fri May 23 18:40:12 2014 ART <alexism@MacBook-Pro-de-Alexis.local>
# name: network
# type: cell
# rows: 4
# columns: 1
# name: <cell-element>
# type: matrix
# rows: 0
# columns: 0


# name: <cell-element>
# type: matrix
# rows: 4
# columns: 3
 -0.1037203404081046 -0.2734623128509947 0.3901878682713191
 -0.3873858543234061 0.2240248181777399 0.2685608432952884
 -0.0673688371091426 0.3232512216553354 0.02313456528219149
 0.03780262255842903 0.2984866939262429 -0.2351187078162518


# name: <cell-element>
# type: matrix
# rows: 3
# columns: 5
 -0.3804574969523812 -0.2419882336574306 -0.09803999223762178 0.3711111282848936 0.2173686695444931
 -0.2273314498772107 -0.002385542425935416 0.2550029234847661 -0.1897449993912488 0.2080720463430095
 -0.315504808756369 0.07172424283662626 -0.2440616602236429 0.1039189482642364 -0.1053893582663796


# name: <cell-element>
# type: matrix
# rows: 1
# columns: 4
 0.1743769247806209 -0.2125099374619111 0.1209690787270865 -0.4524219204294282





# name: hiddenUnitsPerLvl
# type: matrix
# rows: 1
# columns: 2
 4 3


