# Created by Octave 3.8.0, Fri May 23 18:40:10 2014 ART <alexism@MacBook-Pro-de-Alexis.local>
# name: network
# type: cell
# rows: 4
# columns: 1
# name: <cell-element>
# type: matrix
# rows: 0
# columns: 0


# name: <cell-element>
# type: matrix
# rows: 4
# columns: 3
 -0.3304202399139826 0.04014036208474359 -0.009378614435458787
 -0.1813652530458468 -0.4875662704368851 0.04060459431874319
 -0.3222947000493022 -0.09357145810774442 -0.01700525156172966
 0.4098517162526887 -0.08761200481581205 -0.1629038346074048


# name: <cell-element>
# type: matrix
# rows: 3
# columns: 5
 -0.3328017196237615 -0.3579896201541581 0.4771757603227943 -0.4235889502964172 -0.02943307177241844
 -0.04177227794461119 -0.3145178435995171 0.3224198836961586 -0.08946882025874475 -0.1698725041108323
 0.4094726670441657 -0.4752540541456488 0.2556754474233046 -0.3080914901394708 0.06846319640348564


# name: <cell-element>
# type: matrix
# rows: 1
# columns: 4
 -0.4339381634861642 -0.442534486255876 0.2484644212096893 -0.4627897670974847





# name: hiddenUnitsPerLvl
# type: matrix
# rows: 1
# columns: 2
 4 3


