# Created by Octave 3.8.0, Fri May 23 18:40:13 2014 ART <alexism@MacBook-Pro-de-Alexis.local>
# name: network
# type: cell
# rows: 4
# columns: 1
# name: <cell-element>
# type: matrix
# rows: 0
# columns: 0


# name: <cell-element>
# type: matrix
# rows: 4
# columns: 3
 -0.1286960374899075 -0.06462828851377739 0.09964689399230642
 -0.03927540975920035 -0.1652404431898235 0.05210322296362713
 -0.1692523542616112 0.2629558636786934 -0.3230638955269391
 0.03486052313602539 -0.1900082822065788 0.4996021185483209


# name: <cell-element>
# type: matrix
# rows: 3
# columns: 5
 0.2650190566309533 0.2721417986384864 0.2237713734409507 -0.4226104308051241 -0.3757554414987298
 0.2613222589578502 -0.4124878203673295 0.1596735324164337 -0.220231148198989 0.2054574361351602
 0.4219964592624339 -0.4738421139868578 0.1124767007717217 0.04721423167506844 -0.07517576911984986


# name: <cell-element>
# type: matrix
# rows: 1
# columns: 4
 0.1970135351113612 -0.3552918718876193 -0.3900870607155155 -0.07646600604999459





# name: hiddenUnitsPerLvl
# type: matrix
# rows: 1
# columns: 2
 4 3


