# Created by Octave 3.8.0, Sun May 25 04:37:22 2014 ART <alexism@MacBook-Pro-de-Alexis.local>
# name: evolvedNetwork
# type: cell
# rows: 4
# columns: 1
# name: <cell-element>
# type: matrix
# rows: 0
# columns: 0


# name: <cell-element>
# type: matrix
# rows: 4
# columns: 3
 0.6515190768555188 -3.256200069088214 -0.1026015190645075
 -0.02148098755511071 5.356433375915583 3.18678986609433
 0.001316046027039956 -5.456494165995968 2.769515678969578
 0.3787639442543888 2.562486620860614 -0.01129486747827274


# name: <cell-element>
# type: matrix
# rows: 3
# columns: 5
 0.3616002811703961 0.9169352032342472 1.799170428906977 -1.799302222658996 -4.813719160701696
 0.3183589811823281 -3.665257123152331 2.432885619679097 -2.583109442182985 3.807347114172838
 -0.8690509587945437 -1.649059090143582 -0.3856232355456723 0.5497351820850319 1.162654066770979


# name: <cell-element>
# type: matrix
# rows: 1
# columns: 4
 -0.7933609749267094 3.596830307800092 3.531891479378364 -2.262403265234217





