# Created by Octave 3.8.0, Thu May 01 23:22:14 2014 ART <jugutier@Jugumac.local>
# name: test_error
# type: matrix
# rows: 1
# columns: 172
 8.727511621688272e-06 0.01065938899374101 0.001799000372516903 8.727511621688272e-06 0.002557437401755777 0.001249177552254129 0.001268012908455935 0.004509868995818798 0.0004679681993538201 0.001018538929300065 0.006506664414086176 0.08124237693833287 0.005770532093429665 0.003503140910816258 0.004696416785754605 2.454969160389328e-06 0.01618305083437735 0.01082099479099377 0.003048848278593057 0.1243564781031412 0.0211609462860186 0.009945768372945031 0.00687677802282583 0.1573489539644547 0.01662869854655342 0.002711899989187275 0.003298118587972036 0.0007938044720880332 0.0003717115701597275 1.50602098928779e-05 0.004657957231824065 0.008200913259632939 8.727511621688272e-06 9.8234031718127e-06 0.00111088370538945 0.0006658572380205667 0.01952311844529312 0.02557489131459807 0.0003266097929750384 8.727511621688272e-06 0.1208973285847098 0.01153568050791833 0.0002850553899223052 0.008673423483737046 0.006309559366639617 0.08481433708744301 0.0001021318143354674 0.001930320565012747 0.0004134000483655421 0.02008841324608178 5.135136296460843e-05 0.0001772747218585018 0.004289285981324876 0.002971395771891214 0.008123495969220705 0.008667172905248042 0.01459784618454008 0.00698685268357326 0.00364960937954236 8.727511621688272e-06 0.003454285043677891 0.003402541144627304 0.02103174779091087 0.008481028002548303 0.008283015106717972 0.01028172469543142 8.727511621688272e-06 0.006828519577138905 0.003915722813013132 0.0003719558374972528 0.01007165752790003 0.003964042388808242 0.005951572016384301 0.01686167801879465 5.163309624448817e-05 0.0002546631192428717 0.0005084495742038753 0.002234741770889419 0.05065102148282781 0.0006000720009851825 0.007009779127200682 8.588398093601592e-05 8.727511621688272e-06 0.007114534901158692 0.0001979210887796037 0.01066410301440458 0.02212000207549239 8.379738031363375e-05 0.0005709547008346985 0.0009611472045720704 8.727511621688272e-06 0.001640098705853296 0.08244253184837061 0.02516289036852605 0.002686117580871899 8.727511621688272e-06 8.727511621688272e-06 0.004641732895028749 0.004422787736974795 1.196194696381787e-05 1.963092658783331e-05 0.002654277171816022 0.01205504561570327 0.005632560781156089 6.241953741975213e-05 0.001475328265385359 0.009365143141711749 0.0003514457368946349 0.00285150734920637 0.01676277598615678 1.865319594814964e-05 0.02007673479654044 8.727511621688272e-06 0.0006316642644523474 8.727511621688272e-06 8.727511621688272e-06 0.0022636423764626 0.002774617489200008 0.08002782756899475 0.00634732826640154 0.000616231824817629 0.005351605821273132 1.633157126252009e-05 0.003590340615646069 0.0009900897778983787 0.0001502018862485471 0.0007283844941754448 0.0005309254283417048 0.00678771052602676 0.007874408426620306 0.0001418478872145561 2.976490674405514e-05 8.727511621688272e-06 0.02421714524694532 2.339847235729146e-07 0.004038054085052931 0.007495568232352468 0.0007965700433886785 0.01025023003683167 0.002147796538992592 0.001800923251450575 0.0038167702534684 0.002631998386844899 0.005103776432160931 0.005659857369892111 0.01967782947371261 0.02886666111293032 0.005103290298891226 8.727511621688272e-06 0.0002539014966807864 8.727511621688272e-06 0.009391401538082926 0.01480797462017595 0.005600559929003975 0.0005980526144226954 0.002633730124142443 8.727511621688272e-06 0.004562896975950448 0.001378063951420408 4.632161230276355e-05 0.0170173682094977 0.002416664898914643 0.003447641051164488 0.02404879791148268 0.004800918100420826 0.1199162258043877 0.0108164796795399 0.01540913300586254 0.005282215667362058 8.727511621688272e-06 0.002436597569979918 1.018902706890994e-05


